1 -0.557726 -0.101613 -0.0411108
2 -0.585063 -0.130221 -0.0397287
3 -0.565619 -0.093585 -0.0101308
4 -0.588607 -0.0932796 -0.0437268
5 -0.622393 -0.137834 0.0361984
6 -0.610889 -0.0995996 0.0140178
7 -0.635407 -0.127746 0.00473775
8 -0.621626 -0.10691 0.045073
9 -0.616922 -0.0739698 0.0564323
10 -0.61124 -0.0494036 0.0300918
11 -0.593114 -0.0880452 0.0451724
12 -0.528895 -0.0288674 -0.0705888
13 -0.50223 -0.0296104 -0.0560031
14 -0.512397 -0.0183143 -0.09858
15 -0.50568 0.0106237 -0.0701837
16 -0.544586 -0.0745367 0.0988943
17 -0.528252 -0.0864829 0.0609111
18 -0.556393 -0.0640597 0.0718639
19 -0.528483 -0.0723445 0.0798953
20 -0.593746 0.0345055 0.0317907
21 -0.646235 0.0407607 0.00518143
22 -0.614729 0.0171168 0.0392424
23 -0.646235 0.0730172 0.0271599
24 -0.552138 0.0128509 -0.0697035
25 -0.545084 -0.0001206 -0.0984261
26 -0.556292 0.047521 -0.095591
27 -0.53828 0.0347988 -0.0637361
28 -0.568451 0.0313806 -0.0961678
29 -0.620297 -0.0318048 -0.04276
30 -0.595826 -0.0492207 -0.0570601
31 -0.608205 -0.0668132 -0.0447123
32 -0.61829 -0.0419119 -0.074813
33 -0.597857 -0.114303 -0.0110517
34 -0.57029 -0.104942 0.0267314
35 -0.594528 -0.126122 0.0313033
36 -0.582045 -0.132105 0.00202769
37 -0.617977 0.00344547 -0.0136015
38 -0.646235 0.0020105 0.000880758
39 -0.646235 0.0175192 -0.0293126
40 -0.576798 -0.0571228 0.0333317
41 -0.591073 -0.0604142 0.0631128
42 -0.605746 -0.0180451 0.0455696
43 -0.646235 0.1 -0.025
44 -0.646235 0.1 0
45 -0.646235 0.0734273 -0.0112679
46 -0.594896 0.069872 -0.0248027
47 -0.54592 -0.0683571 0.0235018
48 -0.565659 -0.0481672 -0.00503654
49 -0.646235 0.0473314 0.0508233
50 -0.60163 0.0426889 0.0662402
51 -0.633072 -0.0779276 0.103382
52 -0.650829 -0.111553 0.0759628
53 -0.651624 -0.110583 0.10452
54 -0.63922 -0.0837246 0.0697805
55 -0.582562 -0.0133481 0.0223066
56 -0.62143 -0.00574712 0.0153976
57 -0.519804 -0.0365051 0.036551
58 -0.525372 -0.04813 -0.00347357
59 -0.552649 -0.0215153 0.0100453
60 -0.646235 -0.0492512 -0.0296903
61 -0.616885 -0.0585703 -0.0144435
62 -0.627332 -0.072381 -0.0626715
63 -0.620804 -0.0990584 -0.0278147
64 -0.637625 -0.0834873 0.0172878
65 -0.644768 -0.0871543 -0.0181666
66 -0.592134 -0.0824384 -0.0756313
67 -0.646235 -0.032644 -0.00155263
68 -0.646235 -0.0459375 0.024835
69 -0.646235 -0.0165666 0.0283487
70 -0.590125 -0.0710653 -0.0202533
71 -0.594148 -0.0703816 0.0074966
72 -0.534561 0.00455139 -0.041372
73 -0.52018 -0.00782193 0.0060718
74 -0.548212 0.0103379 0.038261
75 -0.558199 0.0103481 -0.00601722
76 -0.533623 0.0311126 -0.0272773
77 -0.572004 0.0115885 -0.0364622
78 -0.58771 -0.0349462 0.0989767
79 -0.587957 0.00250582 0.0968001
80 -0.584541 -0.0313591 0.070975
81 -0.613843 0.00486024 0.0741775
82 -0.543187 -0.0281335 -0.0319137
83 -0.569605 -0.136569 0.065256
84 -0.565988 -0.0920229 0.0663388
85 -0.597102 -0.115302 0.0623029
86 -0.593194 -0.0383756 -0.0172617
87 -0.590264 -0.0159757 -0.0308499
88 -0.572194 -0.0229446 -0.0222555
89 -0.572016 -0.059689 -0.043355
90 -0.655313 -0.110036 -0.0756685
91 -0.646235 -0.0667146 -0.0503956
92 -0.646235 -0.1 -0.05
93 -0.656435 -0.108867 -0.0384371
94 -0.560037 -0.0529881 0.0983514
95 -0.581759 -0.0697362 0.0997184
96 -0.524988 0.0269102 -0.0962658
97 -0.577388 -0.0379445 -0.10038
98 -0.580519 -0.000767424 -0.0984191
99 -0.607189 -0.0143657 -0.0727601
100 -0.588351 -0.019522 -0.0573116
101 -0.60585 -0.0314996 0.0064383
102 -0.557956 -0.146887 0.0206844
103 -0.600921 0.041803 -0.0970647
104 -0.646235 0.0668459 -0.0654286
105 -0.598699 0.021563 -0.0659869
106 -0.58325 0.0407015 -0.0569438
107 -0.597738 -0.159515 0.0374025
108 -0.582764 0.00674841 0.0636665
109 -0.584077 -0.112943 0.102008
110 -0.589763 -0.0820868 0.0797944
111 -0.617667 -0.101503 0.079092
112 -0.621064 -0.136715 0.0849255
113 -0.554892 0.0488811 0.0921328
114 -0.564951 0.0253492 0.0942806
115 -0.550284 0.0174038 0.0680492
116 -0.523209 0.0282157 0.0913838
117 -0.646235 -0.0156538 -0.0295892
118 -0.646235 -0.000828139 -0.0523479
119 -0.646235 -0.0319327 -0.0645593
120 -0.56208 -0.11386 0.101298
121 -0.49603 -0.0304126 0.0942167
122 -0.494374 0.00516001 0.0923654
123 -0.521567 -0.00816425 0.0685091
124 -0.564519 -0.0199696 -0.0647995
125 -0.646235 -0.00138515 -0.0714992
126 -0.599219 -0.0735543 0.101696
127 -0.564466 -0.0159959 0.0961346
128 -0.548581 -0.0293812 0.0596753
129 -0.59139 0.00292093 -0.00043546
130 -0.599918 0.0473554 2.89805e-05
131 -0.567814 0.0283267 0.0167464
132 -0.620269 -0.0172657 -0.0190119
133 -0.618545 -0.0410147 0.0748704
134 -0.596596 -0.0602693 -0.101138
135 -0.57503 -0.0521118 -0.0767511
136 -0.60667 -0.106877 -0.0550927
137 -0.624621 -0.137557 -0.0249315
138 -0.615403 0.00721018 -0.0421372
139 -0.646235 0.0232858 0.0686351
140 -0.646235 -0.00210221 0.0574566
141 -0.562578 -0.140478 0.101859
142 -0.547244 -0.077144 -0.0270633
143 -0.543596 -0.114625 0.0993615
144 -0.530804 0.0301029 0.00710897
145 -0.559738 0.0488946 -0.0139965
146 -0.658841 -0.10746 -0.00262594
147 -0.646235 -0.0685292 0.00314744
148 -0.646235 0.0776621 -0.0377538
149 -0.603508 0.0345808 -0.0279941
150 -0.550204 -0.0367415 -0.0995633
151 -0.541637 -0.06234 -0.0650203
152 -0.536819 -0.00508977 0.0950367
153 -0.536024 -0.041434 0.0964574
154 -0.614209 0.0110879 -0.0986825
155 -0.63131 -0.129225 0.0671494
156 -0.646235 0.0502716 -0.0347161
157 -0.619645 -0.0512365 -0.10305
158 -0.646235 0 -0.1
159 -0.646235 -0.0371008 0.0597063
160 -0.646235 -0.0711414 0.038456
161 -0.61745 -0.10638 0.103231
162 -0.611993 -0.0887312 -0.103722
163 -0.642841 -0.0833694 -0.103642
164 -0.62864 -0.100371 -0.0769548
165 -0.534214 0.0339454 0.0610478
166 -0.567817 0.0553901 -0.0720186
167 -0.646235 0.0261169 -0.0656522
168 -0.607206 -0.148153 0.0709575
169 -0.5853 -0.171118 0.0709755
170 -0.57314 0.0592117 0.0550117
171 -0.546818 0.0418255 0.0344043
172 -0.512829 -0.0436823 0.0639286
173 -0.496827 0.00353252 -0.0128449
174 -0.508842 0.0133023 -0.0442009
175 -0.646235 0.075 0.1
176 -0.602473 0.0347057 0.0967943
177 -0.646235 0.0744889 0.0709772
178 -0.518181 -0.0547726 -0.0468066
179 -0.521414 -0.0680856 -0.0781609
180 -0.579658 0.0623587 0.0129062
181 -0.498209 0.0048679 0.0236346
182 -0.521142 0.0240549 0.0366933
183 -0.519902 -0.00718915 0.0457002
184 -0.558465 -0.138534 -0.0647041
185 -0.58032 -0.130402 -0.103287
186 -0.60036 -0.121338 -0.0763171
187 -0.572408 -0.102516 -0.0720126
188 -0.646235 0.1 -0.05
189 -0.646235 0.1 0.05
190 -0.643508 -0.121165 -0.0243293
191 -0.635454 -0.12794 -0.0567798
192 -0.544033 -0.0950206 -0.0696042
193 -0.648836 -0.114673 0.0358377
194 -0.646235 -0.1 0.025
195 -0.646235 0.05 -0.1
196 -0.646235 -0.05 0.1
197 -0.622862 -0.0380763 0.100418
198 -0.646235 -0.1 -0.1
199 -0.646235 -0.0710655 -0.0775316
200 -0.646235 -0.08027 -0.0262146
201 -0.594211 0.0693069 -0.0640518
202 -0.564038 0.051307 -0.043426
203 -0.590983 -0.163021 0.103322
204 -0.611392 -0.144384 0.103848
205 -0.501376 -0.029704 -0.0263887
206 -0.56472 -0.0872694 0.0999186
207 -0.497446 0.00319671 0.0577182
208 -0.646235 0.0169698 0.0345753
209 -0.481466 -0.0156122 -0.0486562
210 -0.566931 -0.0688118 -0.100974
211 -0.587743 0.0676962 0.0932524
212 -0.590095 0.0686233 -0.0951011
213 -0.555474 -0.143755 -0.0175387
214 -0.547164 -0.108848 -0.0017704
215 -0.613594 -0.147358 -0.0510093
216 -0.603594 -0.0243702 -0.0998203
217 -0.646235 -0.0718804 0.0698327
218 -0.613266 -0.147828 0.00567844
219 -0.646235 -0.05 -0.1
220 -0.646235 0 0.1
221 -0.646235 0.05 0.1
222 -0.610842 -0.000259228 0.0986201
223 -0.535666 -0.0857687 -0.101558
224 -0.495057 -0.0011581 -0.0956684
225 -0.635509 -0.126422 -0.104714
226 -0.615229 -0.144855 -0.104507
227 -0.605675 -0.11694 -0.104027
228 -0.614431 -0.146205 -0.0809187
229 -0.646235 -0.1 -0.025
230 -0.646235 0.1 -0.1
231 -0.602421 -0.158091 -0.0283407
232 -0.591286 -0.16741 -0.068531
233 -0.596327 -0.163546 -0.103955
234 -0.490605 -0.0373127 0.0663146
235 -0.646235 0.1 0.1
236 -0.536124 -0.104722 0.028974
237 -0.646235 -0.1 0.05
238 -0.589619 -0.172068 0.00283464
239 -0.559901 -0.102162 -0.102945
240 -0.584002 -0.0960156 -0.103128
241 -0.646235 -0.1 0.1
242 -0.515253 -0.0597252 -0.0999426
243 -0.656105 -0.109461 -0.104287
244 -0.545467 -0.129597 0.0489859
245 -0.631998 -0.127425 0.104384
246 -0.646235 -0.1 0
247 -0.646235 -0.075 -0.1
248 -0.531559 -0.108777 0.0768468
249 -0.524893 -0.0878896 0.0975976
250 -0.467331 -0.101974 0.0363854
251 -0.506551 -0.091815 0.026086
252 -0.478867 -0.104609 0.00364321
253 -0.48589 -0.135866 0.0369611
254 -0.478113 -0.0614316 -0.00707115
255 -0.45782 -0.0364611 0.00927092
256 -0.567206 -0.205095 -0.0025093
257 -0.541146 -0.17478 0.000959358
258 -0.580559 -0.187222 0.0119325
259 -0.570779 -0.199562 0.0251186
260 -0.540286 -0.155656 0.100111
261 -0.513463 -0.181192 0.0996371
262 -0.527742 -0.158891 0.0656105
263 -0.51359 -0.149587 0.0989388
264 -0.429889 -0.11165 -0.0326733
265 -0.442903 -0.10532 -0.00115821
266 -0.453335 -0.126301 -0.0350883
267 -0.440772 -0.139888 -0.00635331
268 -0.519246 -0.201431 0.0646712
269 -0.512203 -0.164573 0.0377405
270 -0.493772 -0.17361 0.0689156
271 -0.590728 -0.176776 -0.0370503
272 -0.580663 -0.18801 -0.0132247
273 -0.479544 -0.0569325 0.0335781
274 -0.473245 -0.0710018 0.0659573
275 -0.550116 -0.227497 -0.0183075
276 -0.530763 -0.252949 -0.0269317
277 -0.503141 -0.228936 -0.0191097
278 -0.537298 -0.243762 0.00990081
279 -0.44921 -0.0909021 -0.0513478
280 -0.451545 -0.0848655 -0.0197846
281 -0.585997 -0.179474 0.0399397
282 -0.502618 -0.202209 0.0342682
283 -0.535605 -0.191265 0.029778
284 -0.565796 -0.202338 0.101825
285 -0.547432 -0.225856 0.101456
286 -0.5602 -0.210635 0.0805162
287 -0.543912 -0.193299 0.100852
288 -0.48327 -0.152434 -0.00764613
289 -0.460464 -0.13492 0.013724
290 -0.497861 -0.0865386 0.059309
291 -0.555993 -0.175573 -0.0374399
292 -0.500811 -0.129124 -0.0436624
293 -0.523841 -0.136906 -0.0113364
294 -0.499139 -0.11989 -0.0128194
295 -0.414099 -0.0836847 0.0136256
296 -0.433837 -0.0619616 -0.00421678
297 -0.455789 -0.0771811 0.0141282
298 -0.546008 -0.189366 0.0728346
299 -0.576492 -0.189865 0.0748379
300 -0.440296 -0.112339 0.0685422
301 -0.495979 -0.109375 0.0672923
302 -0.536993 -0.142143 0.020752
303 -0.555444 -0.170493 0.0421601
304 -0.508794 -0.128454 0.0146136
305 -0.506411 -0.155573 -0.0696486
306 -0.53 -0.139546 -0.0721499
307 -0.536659 -0.146215 -0.0449845
308 -0.538862 -0.183521 -0.0684131
309 -0.561504 -0.16982 -0.0753851
310 -0.504299 -0.0857904 -0.0219199
311 -0.474195 -0.0644871 -0.0412707
312 -0.404501 -0.148692 -0.0312244
313 -0.38914 -0.11508 -0.0369229
314 -0.403253 -0.139642 -0.0665659
315 -0.471084 -0.109704 -0.0252538
316 -0.470676 -0.118367 -0.0672449
317 -0.415049 -0.128343 0.0516386
318 -0.417943 -0.0784983 0.0462186
319 -0.401093 -0.09635 0.0661999
320 -0.530266 -0.197761 -0.0247467
321 -0.530235 -0.212778 0.0065202
322 -0.43332 -0.127724 -0.0620544
323 -0.513729 -0.218812 0.100271
324 -0.482736 -0.229068 0.099157
325 -0.508044 -0.222766 0.0749522
326 -0.484883 -0.197682 0.0988794
327 -0.555225 -0.171378 -0.102491
328 -0.579884 -0.190331 -0.0718124
329 -0.569302 -0.20374 -0.102333
330 -0.516368 -0.122949 0.0469754
331 -0.453283 -0.0417142 -0.0244195
332 -0.525915 -0.102253 -5.28604e-05
333 -0.532488 -0.114536 -0.0325328
334 -0.567624 -0.2058 -0.0419702
335 -0.561773 -0.213356 -0.0771898
336 -0.535328 -0.214166 -0.0802316
337 -0.434874 -0.159359 -0.0351787
338 -0.490712 -0.0658941 0.00843947
339 -0.481982 -0.194675 0.00901983
340 -0.4701 -0.219713 0.0318697
341 -0.503951 -0.230351 0.0136872
342 -0.563204 -0.208232 0.0517291
343 -0.545387 -0.229992 0.0741889
344 -0.499956 -0.0702095 0.0959618
345 -0.502755 -0.101557 0.0973271
346 -0.443282 -0.0873192 0.0941928
347 -0.441924 -0.120925 0.0956072
348 -0.420194 -0.107748 0.0941525
349 -0.436238 -0.162227 0.02775
350 -0.452175 -0.172991 0.0686848
351 -0.424925 -0.161149 0.0666687
352 -0.450727 -0.139286 0.0455525
353 -0.495085 -0.130843 -0.10117
354 -0.522453 -0.157297 -0.102025
355 -0.492979 -0.171592 -0.101629
356 -0.506461 -0.192688 -0.0742266
357 -0.481514 -0.213596 -0.101918
358 -0.483611 -0.191171 -0.0744121
359 -0.501245 -0.223523 -0.0784421
360 -0.490319 -0.0854381 -0.0580508
361 -0.519636 -0.215502 -0.0503445
362 -0.523089 -0.264076 -0.0645977
363 -0.545263 -0.235018 -0.0632186
364 -0.468139 -0.150441 -0.101298
365 -0.450887 -0.152775 -0.0686557
366 -0.478349 -0.155213 -0.0709311
367 -0.463752 -0.178434 -0.101559
368 -0.461893 -0.0307391 0.0429362
369 -0.441571 -0.0510029 0.0640844
370 -0.445732 -0.0763377 0.0464257
371 -0.474172 -0.100312 0.0960956
372 -0.408906 -0.0901381 -0.0504631
373 -0.41151 -0.0877524 -0.0190451
374 -0.559143 -0.158404 0.0747163
375 -0.51411 -0.170648 -0.0338718
376 -0.494543 -0.185644 -0.0421949
377 -0.49462 -0.0656863 -0.0768262
378 -0.472715 -0.0570417 -0.0670305
379 -0.55011 -0.133396 -0.102194
380 -0.420786 -0.073571 0.0726726
381 -0.430046 -0.114638 0.0285353
382 -0.583368 -0.179108 0.102586
383 -0.484557 -0.213909 -0.0509512
384 -0.429805 -0.0669414 -0.036851
385 -0.423691 -0.0735681 -0.0698453
386 -0.468216 -0.0612558 0.0940757
387 -0.550795 -0.227511 -0.102274
388 -0.52568 -0.197818 -0.102147
389 -0.518898 -0.099706 -0.0626026
390 -0.511353 -0.100276 -0.101093
391 -0.489647 -0.162055 0.0981949
392 -0.470306 -0.139008 0.0722865
393 -0.505713 -0.143165 0.073371
394 -0.497031 -0.113409 -0.076507
395 -0.406743 -0.125316 -0.00236023
396 -0.446754 -0.0488736 -0.0584925
397 -0.464759 -0.0839757 -0.0753853
398 -0.576827 -0.153774 -0.102617
399 -0.437377 -0.153 0.0959754
400 -0.474794 -0.201353 -0.0178947
401 -0.529282 -0.249912 0.101183
402 -0.505696 -0.194214 -0.00318462
403 -0.509165 -0.165811 0.0104218
404 -0.41016 -0.0846492 0.093205
405 -0.434855 -0.155233 -0.100977
406 -0.422618 -0.115308 -0.100291
407 -0.465227 -0.029132 -0.0778411
408 -0.524603 -0.122324 -0.101452
409 -0.458485 -0.18749 -0.0541257
410 -0.454861 -0.175158 -0.00557432
411 -0.473883 -0.153549 -0.036682
412 -0.542368 -0.235592 0.0434069
413 -0.471178 -0.173688 0.033375
414 -0.479178 -0.210372 0.0642917
415 -0.501796 -0.241978 0.0454255
416 -0.390337 -0.113115 -0.00400225
417 -0.399422 -0.155002 0.0294968
418 -0.459859 -0.17553 0.0976508
419 -0.521401 -0.122461 0.0988186
420 -0.387942 -0.111318 0.0932064
421 -0.460035 -0.109447 -0.0999853
422 -0.516302 -0.228591 -0.101934
423 -0.530084 -0.252091 0.0696593
424 -0.467669 -0.138653 0.0967847
425 -0.493674 -0.130354 0.0975312
426 -0.403425 -0.136742 -0.100134
427 -0.414494 -0.168959 -0.0669667
428 -0.478941 -0.0685939 -0.0994669
429 -0.435028 -0.0992882 -0.0747458
430 -0.437716 -0.0568861 0.0291485
431 -0.532622 -0.251486 -0.101793
432 -0.390495 -0.112244 -0.0999264
433 -0.493 -0.0939546 -0.100028
434 -0.587533 -0.180538 -0.102899
435 -0.394044 -0.106188 0.03255
436 -0.412564 -0.0858943 -0.099278
437 -0.405103 -0.0945791 -0.0770496
438 -0.452267 -0.204966 0.0151555
439 -0.459674 -0.0335542 -0.0978877
440 -0.432997 -0.0583429 0.0926229
441 -0.465617 -0.025445 0.0700392
442 -0.437227 -0.0890395 -0.0995464
443 -0.454289 -0.0721189 -0.0990032
444 -0.404215 -0.132017 0.0741191
445 -0.412555 -0.138311 0.0950053
446 -0.389043 -0.114956 -0.0658502
447 -0.457346 -0.0322685 0.0922295
448 -0.524969 -0.259673 0.0378731
449 -0.555229 -0.219934 0.0188426
450 -0.435409 -0.0599444 -0.0988129
451 -0.37125 -0.135691 0.0601325
452 -0.430325 -0.192764 0.0969087
453 -0.378702 -0.24176 0.0060621
454 -0.376205 -0.273414 0.0390706
455 -0.349739 -0.247634 0.0284483
456 -0.36926 -0.224243 0.0379501
457 -0.429834 -0.289069 0.0980574
458 -0.41023 -0.274465 0.0698535
459 -0.439145 -0.308374 0.0599479
460 -0.444318 -0.267842 0.0673994
461 -0.364299 -0.148112 -0.0524498
462 -0.365611 -0.14619 -0.0816665
463 -0.377128 -0.167283 -0.0784889
464 -0.430721 -0.325469 -0.00472947
465 -0.473981 -0.332229 -0.00234162
466 -0.444586 -0.326165 -0.0351441
467 -0.456817 -0.355941 -0.024634
468 -0.373026 -0.270453 -0.067893
469 -0.383773 -0.253078 -0.0335306
470 -0.404634 -0.2512 -0.0652723
471 -0.395834 -0.282869 -0.0375322
472 -0.409885 -0.301176 0.0202214
473 -0.395078 -0.300738 0.0574087
474 -0.42801 -0.332951 0.039851
475 -0.469644 -0.292921 0.0748795
476 -0.466989 -0.297411 -0.101414
477 -0.487004 -0.315722 -0.0690096
478 -0.480411 -0.325265 -0.101122
479 -0.469824 -0.294153 -0.0754445
480 -0.401943 -0.297781 -0.0745141
481 -0.425944 -0.296274 -0.042366
482 -0.438431 -0.283309 -0.0743853
483 -0.347113 -0.167733 0.0468573
484 -0.360248 -0.193738 0.0577299
485 -0.351308 -0.161057 0.0731845
486 -0.371927 -0.180262 0.0414765
487 -0.343744 -0.170175 0.0941584
488 -0.359988 -0.20094 0.0952309
489 -0.328124 -0.191904 0.072107
490 -0.364821 -0.146917 -0.0203431
491 -0.363326 -0.147782 0.0180511
492 -0.386866 -0.16962 -0.0103158
493 -0.406779 -0.251692 0.0253739
494 -0.416516 -0.238409 0.069458
495 -0.385858 -0.235158 0.0600924
496 -0.391489 -0.284186 -0.102112
497 -0.363987 -0.251558 -0.102288
498 -0.361856 -0.284835 -0.102214
499 -0.423109 -0.271789 0.0437514
500 -0.437224 -0.21072 -0.0227721
501 -0.42969 -0.184471 -0.000379767
502 -0.449612 -0.251062 0.0289838
503 -0.487717 -0.261897 0.0177698
504 -0.466183 -0.28711 0.0336398
505 -0.478156 -0.246649 0.0363568
506 -0.427773 -0.251944 -0.0377137
507 -0.458384 -0.271688 -0.0432952
508 -0.459714 -0.227346 -0.0508631
509 -0.445449 -0.252317 -0.0730287
510 -0.494735 -0.259599 -0.0113066
511 -0.49331 -0.263075 -0.0372951
512 -0.479209 -0.260911 0.0597049
513 -0.45048 -0.227121 0.0691511
514 -0.427538 -0.21717 0.0148951
515 -0.427206 -0.227822 0.0434044
516 -0.425329 -0.233949 -0.101709
517 -0.451571 -0.264357 -0.101722
518 -0.456175 -0.231173 -0.101714
519 -0.462952 -0.305826 -0.0376074
520 -0.492106 -0.308197 -0.0329162
521 -0.463469 -0.303828 -0.00347841
522 -0.479415 -0.284606 -0.0331172
523 -0.469668 -0.24496 -0.0269916
524 -0.490525 -0.245144 -0.0570505
525 -0.383176 -0.276961 -0.00345775
526 -0.352468 -0.277565 0.0060215
527 -0.484951 -0.27225 -0.101494
528 -0.498661 -0.300108 -0.101273
529 -0.468142 -0.23483 0.00346843
530 -0.389933 -0.170448 0.0594731
531 -0.44898 -0.366396 0.0149215
532 -0.45004 -0.317788 0.0217953
533 -0.434351 -0.194787 -0.0809103
534 -0.515412 -0.272758 0.0625493
535 -0.497647 -0.256822 0.0784112
536 -0.473559 -0.333612 -0.0431571
537 -0.520481 -0.268427 0.00571243
538 -0.438789 -0.25373 -0.00629524
539 -0.4353 -0.28859 0.0174882
540 -0.451703 -0.314281 -0.0660472
541 -0.404503 -0.243254 -0.0167418
542 -0.411176 -0.181609 -0.027569
543 -0.36561 -0.194276 -0.0239624
544 -0.399904 -0.20773 -0.0415391
545 -0.380886 -0.17404 -0.0473026
546 -0.342608 -0.215067 0.0295388
547 -0.340946 -0.223291 0.0647322
548 -0.316225 -0.261288 0.0519405
549 -0.300448 -0.230543 0.0277545
550 -0.505735 -0.289789 -0.0646628
551 -0.516791 -0.275169 -0.101476
552 -0.32147 -0.203202 0.00257465
553 -0.326598 -0.245633 0.00604204
554 -0.439505 -0.293568 -0.0138337
555 -0.477893 -0.263476 -0.0717015
556 -0.500372 -0.247852 -0.101578
557 -0.359303 -0.290747 -0.029314
558 -0.445775 -0.203839 -0.101587
559 -0.465759 -0.220078 -0.0781391
560 -0.411437 -0.168878 5.0392e-07
561 -0.326685 -0.198055 -0.0656419
562 -0.34011 -0.222275 -0.0270705
563 -0.312547 -0.216208 -0.0372993
564 -0.340766 -0.178699 -0.0391598
565 -0.340145 -0.177905 0.0204737
566 -0.320922 -0.251536 -0.0535022
567 -0.327951 -0.249076 -0.102788
568 -0.338495 -0.221962 -0.0769686
569 -0.308489 -0.222454 -0.0783758
570 -0.391087 -0.209294 0.0351434
571 -0.376405 -0.225238 -0.0305405
572 -0.479474 -0.322536 0.0585036
573 -0.429768 -0.21563 -0.0701931
574 -0.408588 -0.248229 0.0972121
575 -0.374735 -0.238253 0.096302
576 -0.388523 -0.277783 0.097036
577 -0.378112 -0.276755 0.0752198
578 -0.433052 -0.19011 -0.0522146
579 -0.395384 -0.200714 -0.0758206
580 -0.419011 -0.265656 -0.101786
581 -0.357316 -0.213824 0.00316042
582 -0.329771 -0.192918 -0.0197499
583 -0.346613 -0.259518 0.0656612
584 -0.336318 -0.234705 0.0954334
585 -0.346146 -0.212464 -0.102426
586 -0.344944 -0.173595 -0.0733099
587 -0.327224 -0.197754 -0.102397
588 -0.410505 -0.17288 0.095776
589 -0.357429 -0.249691 -0.0136515
590 -0.399939 -0.316412 0.0976688
591 -0.406552 -0.325088 0.0735574
592 -0.398919 -0.20547 0.096174
593 -0.469623 -0.339628 -0.0744002
594 -0.455069 -0.321636 -0.101356
595 -0.439337 -0.347277 -0.0799336
596 -0.466255 -0.271906 -0.00507678
597 -0.431299 -0.299451 -0.101652
598 -0.434721 -0.336446 -0.101482
599 -0.426894 -0.322481 -0.075084
600 -0.398638 -0.204964 -0.00221254
601 -0.416101 -0.201442 0.0670345
602 -0.426537 -0.222751 0.0971345
603 -0.36201 -0.202368 -0.0620082
604 -0.380956 -0.164912 0.0949678
605 -0.396298 -0.245869 -0.101895
606 -0.403919 -0.221832 -0.10187
607 -0.346601 -0.171477 -0.101742
608 -0.367454 -0.182135 -0.101604
609 -0.384914 -0.204483 0.0675802
610 -0.465906 -0.341755 0.0379084
611 -0.463528 -0.298779 0.0990158
612 -0.452121 -0.318594 0.0988807
613 -0.352426 -0.232684 -0.048789
614 -0.474228 -0.245328 -0.101676
615 -0.348248 -0.265287 -0.0447902
616 -0.441509 -0.198089 0.048281
617 -0.374705 -0.230904 -0.072649
618 -0.328218 -0.270929 -0.0192914
619 -0.343631 -0.174214 -0.00624512
620 -0.376337 -0.185383 0.014876
621 -0.41344 -0.279142 -0.0108073
622 -0.508617 -0.283385 0.0365441
623 -0.497531 -0.297113 0.0708877
624 -0.40907 -0.187955 0.0351994
625 -0.431224 -0.332626 0.0985157
626 -0.458941 -0.349114 0.0991452
627 -0.463111 -0.344278 0.0722029
628 -0.403411 -0.322102 -0.101851
629 -0.459785 -0.352775 -0.0540275
630 -0.43783 -0.247935 0.0978777
631 -0.409202 -0.330695 -0.0446795
632 -0.513074 -0.279263 -0.0285103
633 -0.497814 -0.299546 0.00589812
634 -0.393216 -0.174125 -0.101687
635 -0.414378 -0.19981 -0.101712
636 -0.382439 -0.212437 -0.102039
637 -0.366252 -0.145169 -0.100943
638 -0.481771 -0.320488 0.0275533
639 -0.456911 -0.216978 0.0979803
640 -0.465588 -0.263068 0.0987885
641 -0.345489 -0.257628 -0.0778129
642 -0.477199 -0.323867 0.0995151
643 -0.323645 -0.199071 0.0392254
644 -0.394097 -0.31965 -0.0176047
645 -0.499637 -0.255159 0.0998943
646 -0.301653 -0.230083 -0.00680204
647 -0.462102 -0.350479 -0.101072
648 -0.492876 -0.304971 0.0397301
649 -0.304851 -0.222596 0.0943179
650 -0.305236 -0.22287 0.0642028
651 -0.363918 -0.143712 0.0939598
652 -0.324075 -0.196471 0.0943828
653 -0.310385 -0.252271 0.0951693
654 -0.354858 -0.269111 0.0961548
655 -0.437098 -0.34784 -0.0577518
656 -0.49534 -0.298779 0.0999757
657 -0.513233 -0.273575 0.100414
658 -0.307897 -0.223585 -0.10296
659 -0.449023 -0.365012 0.0534302
660 -0.417492 -0.366229 0.0419239
661 -0.386748 -0.450615 -0.101683
662 -0.366569 -0.435305 -0.0703812
663 -0.405844 -0.425836 -0.1015
664 -0.403372 -0.428431 -0.0709944
665 -0.296605 -0.379623 -0.0695867
666 -0.288695 -0.372166 -0.10351
667 -0.321431 -0.360826 -0.102985
668 -0.293484 -0.347527 -0.103478
669 -0.298993 -0.281742 -0.0458822
670 -0.303682 -0.268636 -0.0144876
671 -0.304373 -0.333265 0.006663
672 -0.280193 -0.366243 -0.0161438
673 -0.297577 -0.340851 -0.0250643
674 -0.268764 -0.320338 -0.00315954
675 -0.323329 -0.362885 0.0192456
676 -0.295916 -0.379679 0.040828
677 -0.292778 -0.376523 0.0108315
678 -0.301415 -0.349065 0.0403949
679 -0.400679 -0.380875 0.0590281
680 -0.406583 -0.420912 0.0651714
681 -0.418736 -0.405659 0.0421443
682 -0.384985 -0.406116 0.0315766
683 -0.287992 -0.250223 -0.0610313
684 -0.286114 -0.251998 -0.025494
685 -0.412807 -0.351531 -0.101658
686 -0.374351 -0.340179 0.097535
687 -0.36701 -0.319735 0.0592538
688 -0.373407 -0.359596 0.0723268
689 -0.395963 -0.339925 0.0530221
690 -0.431494 -0.387954 0.0690231
691 -0.26939 -0.321912 0.033452
692 -0.267321 -0.355775 0.0148336
693 -0.338105 -0.383514 -0.0147156
694 -0.316687 -0.396377 0.0197907
695 -0.331531 -0.408332 -0.0115098
696 -0.305134 -0.386937 -0.0108738
697 -0.334511 -0.337247 0.0568284
698 -0.373047 -0.360094 0.0332536
699 -0.36309 -0.348842 -0.0310928
700 -0.327244 -0.36102 -0.040094
701 -0.360033 -0.343625 -0.0704607
702 -0.336228 -0.327195 -0.0382576
703 -0.32652 -0.322404 0.0328084
704 -0.293549 -0.322416 0.0606571
705 -0.298801 -0.307249 0.0278256
706 -0.369561 -0.398791 -0.029181
707 -0.354414 -0.363137 -0.00782242
708 -0.356446 -0.375585 -0.0508908
709 -0.422184 -0.402948 -0.0252666
710 -0.371181 -0.39375 0.00429914
711 -0.403102 -0.427539 -0.00933932
712 -0.393626 -0.371172 -0.0205043
713 -0.443729 -0.375912 -0.101153
714 -0.452562 -0.363526 -0.0762542
715 -0.40339 -0.427786 -0.0394093
716 -0.386208 -0.400865 -0.0562274
717 -0.368391 -0.436894 -0.0427569
718 -0.365335 -0.306477 0.0969143
719 -0.350755 -0.293897 0.0667241
720 -0.376855 -0.411398 0.0727237
721 -0.423902 -0.353504 0.0690452
722 -0.407895 -0.355798 0.0982409
723 -0.380608 -0.376613 0.0979649
724 -0.421423 -0.355769 -0.0244389
725 -0.273396 -0.265989 0.0684373
726 -0.297231 -0.285855 0.0955984
727 -0.371159 -0.316326 -0.055001
728 -0.264918 -0.279931 -0.0412744
729 -0.284157 -0.29812 -0.0240953
730 -0.285787 -0.251633 0.00449915
731 -0.345689 -0.339436 0.0169954
732 -0.333054 -0.307421 0.00177009
733 -0.274674 -0.324924 -0.103769
734 -0.251125 -0.298404 -0.0741994
735 -0.298553 -0.297424 -0.0740531
736 -0.272722 -0.318598 -0.0528995
737 -0.404196 -0.343764 0.0135803
738 -0.408788 -0.375532 0.0135818
739 -0.328551 -0.32762 -0.070976
740 -0.32911 -0.367452 -0.0752873
741 -0.349675 -0.389063 0.0976102
742 -0.328203 -0.405719 0.0613146
743 -0.332306 -0.374044 0.061564
744 -0.324469 -0.402652 0.0974174
745 -0.254326 -0.344874 -0.0750813
746 -0.251813 -0.34304 -0.0525174
747 -0.304507 -0.315841 -0.0491561
748 -0.332661 -0.291149 -0.0607468
749 -0.321612 -0.304104 -0.0259028
750 -0.269214 -0.356503 -0.103827
751 -0.230279 -0.325548 -0.10448
752 -0.272463 -0.360325 0.0601686
753 -0.317834 -0.274281 -0.103005
754 -0.35594 -0.320923 -0.0127803
755 -0.250899 -0.296331 0.0240486
756 -0.298387 -0.293738 0.00747433
757 -0.247867 -0.301156 -0.00782836
758 -0.244278 -0.306349 -0.0367445
759 -0.254124 -0.34524 -0.0271724
760 -0.368531 -0.313042 0.021009
761 -0.357847 -0.297806 -0.0776097
762 -0.307908 -0.388269 -0.103103
763 -0.433812 -0.385793 0.0390444
764 -0.271748 -0.271799 -0.0766079
765 -0.31042 -0.357962 0.0750553
766 -0.341021 -0.332252 0.0969062
767 -0.309193 -0.323916 0.0963395
768 -0.38608 -0.450457 -0.0516954
769 -0.332795 -0.298701 0.0962918
770 -0.381727 -0.404764 -0.101902
771 -0.41782 -0.40978 -0.080318
772 -0.274378 -0.265742 0.0337936
773 -0.287027 -0.248343 0.0576676
774 -0.291722 -0.287587 0.0480092
775 -0.384551 -0.449911 0.0485621
776 -0.362143 -0.432535 0.0386458
777 -0.346624 -0.336958 -0.102596
778 -0.285586 -0.303152 0.076415
779 -0.263015 -0.323952 0.0716501
780 -0.440726 -0.374704 0.0989518
781 -0.423092 -0.400858 0.0105114
782 -0.268443 -0.274561 -0.0031803
783 -0.315537 -0.27243 0.0170825
784 -0.334286 -0.292308 0.0366695
785 -0.385392 -0.450232 -0.00158329
786 -0.360665 -0.431146 -0.0142542
787 -0.367402 -0.436495 0.0126755
788 -0.268847 -0.276069 -0.103799
789 -0.29266 -0.293946 -0.103467
790 -0.400739 -0.429628 0.0259184
791 -0.271769 -0.359147 -0.0513377
792 -0.29368 -0.340154 -0.0784729
793 -0.352426 -0.359573 0.0973991
794 -0.344654 -0.418814 0.018565
795 -0.35467 -0.396376 -0.0717159
796 -0.322733 -0.400537 -0.0732119
797 -0.31604 -0.395499 -0.0411934
798 -0.254383 -0.29084 0.0617091
799 -0.265988 -0.274794 0.0950866
800 -0.27199 -0.294865 0.0954518
801 -0.246741 -0.299555 0.0951897
802 -0.22837 -0.325215 0.0203461
803 -0.228756 -0.325426 -0.00461702
804 -0.245891 -0.338941 0.0337865
805 -0.297105 -0.380566 0.0713989
806 -0.30493 -0.386907 0.0970036
807 -0.38217 -0.37375 -0.0772654
808 -0.421905 -0.399739 0.0987922
809 -0.318864 -0.299705 0.0664951
810 -0.347158 -0.419939 -0.102324
811 -0.441934 -0.377166 -0.0470882
812 -0.375471 -0.348272 0.00117957
813 -0.344805 -0.418474 -0.0506627
814 -0.363478 -0.394542 0.0542279
815 -0.346999 -0.380912 0.0252574
816 -0.302175 -0.348026 -0.0551386
817 -0.400112 -0.341639 -0.0766279
818 -0.319163 -0.363143 0.0969587
819 -0.420666 -0.40555 -0.0555507
820 -0.411773 -0.370183 -0.0603518
821 -0.326574 -0.269351 0.0957959
822 -0.370777 -0.314701 -0.102278
823 -0.22951 -0.32556 -0.0544932
824 -0.361173 -0.369717 -0.102301
825 -0.345274 -0.389956 -0.102502
826 -0.249626 -0.300908 -0.104146
827 -0.386739 -0.35187 -0.0494284
828 -0.328588 -0.347379 -0.0110462
829 -0.38419 -0.449716 0.0736547
830 -0.402898 -0.424657 0.0987131
831 -0.378346 -0.413244 0.0982275
832 -0.43919 -0.380157 -0.0141472
833 -0.344211 -0.418718 0.0977625
834 -0.400255 -0.375191 -0.101728
835 -0.433947 -0.388405 -0.0765351
836 -0.449028 -0.364171 0.0794632
837 -0.276044 -0.362323 -0.0806649
838 -0.285121 -0.249637 0.0948672
839 -0.287994 -0.251023 -0.103485
840 -0.275681 -0.320166 0.0958743
841 -0.335927 -0.301414 -0.102791
842 -0.228041 -0.324982 0.0453199
843 -0.248305 -0.340717 0.0665483
844 -0.237531 -0.312003 0.0732227
845 -0.266236 -0.355155 0.096203
846 -0.29101 -0.345862 0.0963948
847 -0.22736 -0.324155 0.0952728
848 -0.246971 -0.339616 0.0957419
849 -0.382013 -0.345994 -0.10207
850 -0.294015 -0.37715 -0.0371296
851 -0.361272 -0.431979 0.0694077
852 -0.384978 -0.45007 0.023566
853 -0.385745 -0.450364 -0.0266124
854 -0.342283 -0.273779 -0.102627
855 -0.424867 -0.400909 -0.101319
856 -0.311299 -0.32683 -0.103185
857 -0.227727 -0.324537 0.0702893
858 -0.363977 -0.434146 0.0982116
859 -0.285625 -0.370878 0.0965776
860 -0.383792 -0.449476 0.0986434
861 -0.310947 -0.361666 -0.000115417
862 -0.315431 -0.373366 0.00597221
863 -0.327434 -0.389921 0.00250326
864 -0.337704 -0.39695 0.00326563
865 -0.301469 -0.36366 -0.0179934
866 -0.299474 -0.351539 0.00842383
867 -0.284395 -0.282317 0.0313985
868 -0.280184 -0.290077 0.0412313
869 -0.26432 -0.278299 0.0477271
870 -0.398481 -0.405806 0.0852563
871 -0.316146 -0.293208 0.0220916
872 -0.322035 -0.285375 0.0113514
873 -0.31319 -0.282447 -0.00592824
874 -0.309872 -0.270181 0.00113986
875 -0.311062 -0.299551 -0.0109185
876 -0.327441 -0.403933 -0.102733
877 -0.334008 -0.395249 -0.0878565
878 -0.425741 -0.358886 -0.0701276
879 -0.254177 -0.331708 0.0520822
880 -0.238183 -0.332808 0.0559279
881 -0.232766 -0.318483 0.0591923
882 -0.266939 -0.322648 0.0492429
883 -0.276862 -0.334909 0.0840325
884 -0.264902 -0.340988 0.0850557
885 -0.308142 -0.249423 -0.0819471
886 -0.314803 -0.236949 -0.0660065
887 -0.300168 -0.233987 -0.0492035
888 -0.303097 -0.252753 -0.0394289
889 -0.386767 -0.432472 -0.057572
890 -0.376338 -0.442877 -0.0610473
891 -0.358873 -0.372502 -0.076594
892 -0.368663 -0.384843 -0.0745344
893 -0.3139 -0.250236 -0.0127322
894 -0.295043 -0.272791 -0.0898068
895 -0.291928 -0.259259 0.0818514
896 -0.285806 -0.249162 0.0818742
897 -0.298012 -0.250155 0.0751685
898 -0.306731 -0.236904 0.0774229
899 -0.32515 -0.237717 0.0805137
900 -0.325046 -0.229702 0.0832662
901 -0.322536 -0.222781 0.0797941
902 -0.329185 -0.253583 0.0800641
903 -0.396661 -0.398382 -0.0104855
904 -0.295335 -0.364596 -0.0852256
905 -0.364053 -0.168637 0.0520838
906 -0.371622 -0.166097 0.0475271
907 -0.483693 -0.274886 0.0765981
908 -0.472261 -0.262056 0.0792006
909 -0.514906 -0.252581 0.0901119
910 -0.503077 -0.239094 0.0876167
911 -0.506606 -0.236168 0.10043
912 -0.521235 -0.263307 0.0858687
913 -0.392565 -0.238071 -0.0495353
914 -0.386973 -0.219667 -0.0575881
915 -0.399542 -0.219593 -0.0718265
916 -0.38932 -0.226409 -0.0872793
917 -0.405013 -0.235422 -0.0835377
918 -0.417908 -0.217564 -0.0860463
919 -0.420894 -0.216312 -0.101722
920 -0.434264 -0.211746 -0.0461916
921 -0.442532 -0.204648 -0.0516541
922 -0.494624 -0.266619 0.036441
923 -0.484314 -0.261576 0.034173
924 -0.46578 -0.320593 0.0787097
925 -0.483038 -0.244947 -0.0795279
926 -0.473105 -0.246892 -0.0741664
927 -0.451302 -0.303661 0.0794336
928 -0.398718 -0.127985 -0.017323
929 -0.399888 -0.120726 -0.0157475
930 -0.512348 -0.24815 -0.0419688
931 -0.521797 -0.243609 -0.0586355
932 -0.527965 -0.230475 -0.0692148
933 -0.527426 -0.214875 -0.065314
934 -0.350164 -0.185905 0.0391098
935 -0.339875 -0.196892 0.0474518
936 -0.349887 -0.206324 0.0412114
937 -0.38574 -0.137635 -0.0112376
938 -0.386528 -0.13665 0.00653918
939 -0.395428 -0.150457 -0.00674862
940 -0.400739 -0.115411 0.0153076
941 -0.409607 -0.105635 0.00570208
942 -0.420183 -0.118964 0.0137027
943 -0.426104 -0.114739 -0.00177966
944 -0.425549 -0.132616 -0.00439035
945 -0.35193 -0.182052 0.0760944
946 -0.341717 -0.17392 0.07276
947 -0.35446 -0.172999 0.0676739
948 -0.369988 -0.180535 0.0748354
949 -0.44992 -0.0449721 -0.0885442
950 -0.459684 -0.0498516 -0.088084
951 -0.454164 -0.0583224 -0.0830002
952 -0.451043 -0.0623027 -0.0818087
953 -0.461174 -0.066414 -0.0869995
954 -0.457785 -0.0462826 -0.0983438
955 -0.464813 -0.0431464 -0.0860053
956 -0.537755 -0.10759 0.0548361
957 -0.55139 -0.0985365 0.0475162
958 -0.535004 -0.0994501 0.0421497
959 -0.536059 -0.0739993 0.0410208
960 -0.555524 -0.115168 0.038635
961 -0.526021 -0.117678 0.0618547
962 -0.486054 -0.0935032 0.0781597
963 -0.485294 -0.0715309 0.0808114
964 -0.50215 -0.0943256 0.081054
965 -0.476538 -0.0355519 0.0772958
966 -0.501445 -0.100649 0.0463026
967 -0.507064 -0.117192 0.0831084
968 -0.544696 -0.211663 0.0875355
969 -0.554571 -0.217319 0.0898446
970 -0.55148 -0.175883 0.0877582
971 -0.561712 -0.16754 0.101304
972 -0.561799 -0.191389 0.0865594
973 -0.55656 -0.196108 0.0882767
974 -0.589893 -0.152099 -0.037738
975 -0.585267 -0.153169 -0.024301
976 -0.578448 -0.157153 -0.0513828
977 -0.48009 -0.0585576 0.0139752
978 -0.479343 -0.0690165 0.0101297
979 -0.47792 -0.0832247 -0.00179982
980 -0.473992 -0.0827912 -0.014793
981 -0.463029 -0.0942223 -0.00953985
982 -0.491034 -0.0740428 -0.0148374
983 -0.497541 -0.0606467 -0.0062585
984 -0.494539 -0.0556361 -0.00381022
985 -0.494081 -0.108331 0.0485133
986 -0.539883 -0.162894 -0.0901514
987 -0.54714 -0.177436 -0.0854099
988 -0.467701 -0.111264 0.0679626
989 -0.628089 -0.0932191 -0.00190687
990 -0.630377 -0.0903038 -0.00470653
991 -0.583939 -0.0827112 0.08796
992 -0.576151 -0.076683 0.0892241
993 -0.573778 0.0404709 0.0334338
994 -0.576586 0.0609213 0.0357627
995 -0.562963 0.03468 0.0468883
996 -0.598107 -0.064764 0.0788243
997 -0.625247 -0.0626401 0.0715714
998 -0.638222 -0.0460368 0.0884683
999 -0.630799 -0.0586791 0.101773
1000 -0.635434 -0.0389056 0.0847425
1001 -0.623713 -0.0745804 0.0715106
1002 -0.638903 -0.0597535 -0.0826693
1003 -0.646235 -0.0514991 -0.0710455
1004 -0.628219 -0.0091693 -0.0618265
1005 -0.635006 -0.0152915 -0.0607147
1006 -0.63266 0.000547804 -0.0472228
1007 -0.646235 0.0212917 -0.0452575
1008 -0.635062 -0.0281709 -0.0865285
1009 -0.60279 -0.125189 0.0932194
1010 -0.594883 -0.129463 0.0872216
1011 -0.586955 -0.137121 0.102582
1012 -0.593549 -0.0741674 -0.0493406
1013 -0.391512 -0.262559 0.0322274
1014 -0.550237 -0.0254017 0.0349562
1015 -0.623704 0.0231001 0.0864261
1016 -0.571177 -0.0743825 0.0498654
1017 -0.599063 0.055426 -0.0803279
1018 -0.579009 -0.0433915 0.0526156
1019 -0.389919 -0.386023 -0.0383472
1020 -0.510249 -0.0704431 0.0310746
1021 -0.434172 -0.141651 -0.0814167
1022 -0.587528 0.0201252 0.0474719
1023 -0.646235 -0.0010511 0.0787283
1024 -0.564763 -0.0214305 0.0412636
1025 -0.319228 -0.263565 -0.0782087
1026 -0.386422 -0.306669 -0.0648242
1027 -0.381631 -0.315806 0.00168092
1028 -0.400019 -0.341842 0.0332664
