1 -0.646235 0.0397274 0.0102966
2 -0.614345 0.0395571 -0.0116484
3 -0.605851 0.0352798 0.0112003
4 -0.616728 0.0135426 -0.00680579
5 -0.536954 0.0202336 -0.00838793
6 -0.522449 0.00819913 -0.0354509
7 -0.507147 0.0172025 -0.011426
8 -0.531338 -0.00618932 -0.018658
9 -0.545099 -0.0443487 0.0233887
10 -0.534093 -0.0669613 0.0192874
11 -0.51323 -0.04023 0.0145063
12 -0.518174 -0.047577 0.0412721
13 -0.588145 0.0325793 -0.0553649
14 -0.607925 0.0611836 -0.072529
15 -0.609201 0.0273516 -0.0784281
16 -0.623483 0.0432433 -0.0536945
17 -0.594116 -0.0603917 0.0163193
18 -0.585343 -0.0585297 -0.0162566
19 -0.607313 -0.0448027 -0.00981413
20 -0.593618 -0.0313567 -0.00948228
21 -0.503289 0.0369599 -0.0932714
22 -0.486747 0.027627 -0.0927911
23 -0.496426 0.0322833 -0.0785415
24 -0.515026 0.0295469 -0.0939557
25 -0.541486 -0.10878 0.0788931
26 -0.562311 -0.106308 0.0710657
27 -0.549671 -0.0782969 0.0754383
28 -0.536941 -0.0836902 0.0588024
29 -0.615245 -0.115014 -0.062922
30 -0.609691 -0.0891999 -0.0432785
31 -0.602659 -0.120532 -0.039671
32 -0.590886 -0.103592 -0.0717358
33 -0.616503 -0.116551 0.0545324
34 -0.61507 -0.0849146 0.0366353
35 -0.59519 -0.0976234 0.0265599
36 -0.619759 -0.114561 0.0335782
37 -0.633244 -0.0826887 0.0101888
38 -0.616392 -0.0659728 0.0094207
39 -0.606409 -0.0836146 -0.0136462
40 -0.629688 -0.0810995 -0.0227878
41 -0.574889 0.00159014 0.0283685
42 -0.543163 -0.00664455 0.0315198
43 -0.565538 -0.0199896 0.0470516
44 -0.565485 -0.0292664 0.0256872
45 -0.58364 -0.140058 -0.0295032
46 -0.564451 -0.132887 -1.87289e-05
47 -0.588604 -0.136007 -0.0114907
48 -0.57464 -0.148014 -0.00336887
49 -0.619201 -0.053556 -0.0379508
50 -0.62839 -0.0675524 -0.0523793
51 -0.591057 -0.011796 0.00916848
52 -0.58837 0.00975668 0.0136803
53 -0.563053 -0.0104489 0.00595701
54 -0.564426 -0.0765337 -0.037751
55 -0.555817 -0.101242 -0.0138401
56 -0.575352 -0.113098 -0.0362531
57 -0.545154 -0.097677 -0.0335309
58 -0.58991 0.000964344 -0.067655
59 -0.580206 0.00464832 -0.0344964
60 -0.567059 -0.00148034 -0.0573289
61 -0.569644 -0.0281036 -0.0766335
62 -0.561792 -0.057354 -0.0557826
63 -0.593927 -0.0279482 -0.0657826
64 -0.588174 -0.0455148 -0.0792018
65 -0.615392 0.0187276 -0.0417983
66 -0.646235 0.0205317 -0.0690172
67 -0.646235 0.0219004 -0.0403006
68 -0.548296 -0.0783451 0.00636815
69 -0.528201 -0.0874498 -0.00841235
70 -0.552533 -0.0466351 -0.00187612
71 -0.548895 -0.0310673 -0.0577312
72 -0.545066 -0.0528344 -0.0757763
73 -0.548245 -0.00939548 -0.0759852
74 -0.523344 -0.0445896 -0.0781748
75 -0.564712 -0.0926839 -0.105378
76 -0.559811 -0.119059 -0.102923
77 -0.563095 -0.0973376 -0.0838002
78 -0.578712 -0.117956 -0.104632
79 -0.503182 -0.00590042 -0.0579452
80 -0.532114 0.0321364 -0.0634541
81 -0.519776 0.000872812 -0.0795041
82 -0.531858 0.000673874 -0.0561645
83 -0.574403 0.00885017 -0.0802159
84 -0.577171 -0.0852316 0.016602
85 -0.577546 -0.0905375 -0.0149551
86 -0.577437 -0.111293 0.00861495
87 -0.590861 -0.102567 -0.00308283
88 -0.603606 -0.0302378 0.0254571
89 -0.60014 -0.0264613 0.058651
90 -0.595299 -0.0120627 0.0315565
91 -0.623734 -0.0203008 0.0448865
92 -0.574499 -0.0137143 0.0994156
93 -0.596162 -0.00444714 0.0994372
94 -0.584051 0.00502256 0.0767368
95 -0.591974 -0.0179894 0.0820812
96 -0.540187 0.0558476 -0.0292546
97 -0.572868 0.0439967 -0.0228183
98 -0.540131 0.0560786 -0.00584033
99 -0.605209 -0.0136067 -0.0294139
100 -0.577219 -0.0218119 -0.0397673
101 -0.60976 -0.0108928 -0.0501612
102 -0.646235 0.0495473 -0.0792871
103 -0.515624 -0.0181194 0.0528974
104 -0.537991 -0.0372611 0.055212
105 -0.595457 -0.0202894 -0.100453
106 -0.61851 0.00459084 0.0523458
107 -0.610717 0.0222927 0.0771037
108 -0.593385 0.0378057 0.0968943
109 -0.617291 0.0492612 0.0972444
110 -0.610392 0.0241108 0.0988148
111 -0.565857 -0.0749829 0.103237
112 -0.556923 -0.11997 0.103539
113 -0.564448 -0.124102 0.0510081
114 -0.574931 -0.147877 0.0267061
115 -0.588363 -0.134964 0.0466054
116 -0.56879 -0.124109 0.0191888
117 -0.559964 0.0206788 -0.0708514
118 -0.555427 0.043119 -0.0799056
119 -0.593039 0.000648358 0.0536751
120 -0.611917 -0.00774251 0.075537
121 -0.546201 -0.0102097 -0.0414737
122 -0.52133 -0.0239238 -0.0699497
123 -0.513786 -0.0267816 -0.0457978
124 -0.57522 -0.112823 0.0696911
125 -0.59227 -0.131098 0.107745
126 -0.578842 -0.143876 0.078869
127 -0.579244 -0.12378 0.10454
128 -0.573843 -0.103196 0.0382879
129 -0.56254 -0.10173 0.0188826
130 -0.522198 0.0057446 0.0684234
131 -0.518556 0.0234912 0.0955536
132 -0.505953 0.000912192 0.0964196
133 -0.497613 0.0122063 0.0712883
134 -0.59916 0.0815966 0.0345198
135 -0.646235 0.1 0.05
136 -0.618343 0.0680391 0.0348618
137 -0.608661 0.0858519 0.0686454
138 -0.550986 0.0626179 0.0778029
139 -0.578341 0.0548159 0.0740674
140 -0.563954 0.0689678 0.0950173
141 -0.57579 0.0730979 0.0748467
142 -0.646235 -0.1 -0.025
143 -0.646235 -0.0669446 -0.00878942
144 -0.634806 -0.108554 -0.0101286
145 -0.53918 -0.115939 0.00304564
146 -0.559495 -0.0659657 0.0244793
147 -0.588948 -0.0728351 0.000891348
148 -0.572947 -0.0423739 0.00791761
149 -0.564143 -0.0753226 -0.00397494
150 -0.584948 0.0346776 -0.0789544
151 -0.621441 0.00100216 -0.0724641
152 -0.646235 0 -0.1
153 -0.619453 -0.0147732 -0.100065
154 -0.621742 -0.0231999 -0.0807323
155 -0.524368 0.0468453 -0.0765372
156 -0.596599 -0.0900574 0.0627559
157 -0.614942 -0.116218 0.0819023
158 -0.621585 -0.0912507 0.0605415
159 -0.565981 0.022196 -0.0397363
160 -0.594601 -0.0644431 -0.0573453
161 -0.613929 -0.0851828 -0.0778008
162 -0.618225 0.0181792 -0.0988168
163 -0.646235 0.0743902 -0.0647839
164 -0.646235 0.075 -0.1
165 -0.615808 0.0731231 -0.0955679
166 -0.583223 -0.131802 0.0107656
167 -0.58738 -0.129339 -0.0204412
168 -0.578048 0.0219193 -0.00386338
169 -0.591071 0.00122725 -0.014028
170 -0.571409 -0.0831726 0.0506687
171 -0.552695 -0.098243 0.0479851
172 -0.595598 0.0601139 0.0957627
173 -0.600132 0.0828601 0.0950983
174 -0.502675 0.0349302 -0.0400875
175 -0.554373 0.0400623 -0.0429644
176 -0.573241 -0.0584569 0.0710145
177 -0.55496 -0.0551311 0.100966
178 -0.57826 -0.0829717 0.081976
179 -0.587234 -0.0729004 0.0390892
180 -0.646235 0.0487504 -0.0434844
181 -0.646235 0.0260732 -0.0140953
182 -0.616917 0.00835605 0.0266791
183 -0.646235 0.0139269 0.0173436
184 -0.646235 0.0303691 0.0380635
185 -0.646235 -0.0399062 0.0164898
186 -0.625092 -0.0402112 0.0202661
187 -0.63013 -0.0704152 0.0360058
188 -0.6013 -0.124668 0.0380024
189 -0.594528 0.0335429 0.0567501
190 -0.619847 0.0285835 0.0502776
191 -0.550338 -0.0457973 -0.030188
192 -0.532576 -0.0694832 -0.0256144
193 -0.531084 -0.0468766 -0.00407944
194 -0.58108 0.0186101 -0.097829
195 -0.596702 -0.00149514 -0.0993287
196 -0.573942 0.0721748 -0.0398445
197 -0.561775 0.0674377 -0.0117091
198 -0.61298 -0.0291407 -0.0569078
199 -0.646235 -0.0262817 -0.0475556
200 -0.627392 -0.028069 -0.0335192
201 -0.541388 -0.0710934 -0.0509445
202 -0.552056 -0.0729289 -0.0225425
203 -0.598954 -0.0540365 0.102946
204 -0.588052 -0.0434569 0.0827601
205 -0.604299 -0.0664647 0.082543
206 -0.562208 0.0412625 0.0963889
207 -0.567589 0.00995416 0.0981096
208 -0.584049 0.02754 0.0771374
209 -0.554294 0.016944 0.0755733
210 -0.550716 -0.0150346 -0.0160038
211 -0.572281 -0.0189586 -0.0130072
212 -0.609435 0.085653 -0.00842675
213 -0.588263 0.0778224 -0.0190018
214 -0.589361 0.0516265 -0.00170682
215 -0.610541 0.0620115 -0.0230358
216 -0.563707 0.0697899 -0.0937466
217 -0.546394 0.0610044 -0.0805495
218 -0.574445 0.0608256 -0.0945063
219 -0.552276 0.0485762 -0.0933589
220 -0.592452 -0.126615 0.0707784
221 -0.597982 0.0306221 -0.0292124
222 -0.624385 0.050955 -0.0335946
223 -0.554182 -0.134586 -0.0477212
224 -0.574569 -0.119197 -0.0717482
225 -0.551188 -0.102971 -0.0561455
226 -0.496804 0.00963714 -0.0364101
227 -0.502714 0.0338765 -0.0122938
228 -0.617903 0.0668998 -0.0465564
229 -0.568505 -0.0900875 -0.0627348
230 -0.58115 -0.132087 -0.0509333
231 -0.586853 -0.0986233 -0.0355203
232 -0.49962 -0.0180014 0.0743029
233 -0.524933 -0.0137798 0.0985172
234 -0.523443 -0.0278319 0.0774038
235 -0.621018 -0.0525078 -0.0762067
236 -0.532873 -0.0127476 0.00571522
237 -0.631429 -0.109368 -0.041405
238 -0.615669 -0.115031 -0.0170337
239 -0.646235 0.075 0.1
240 -0.60882 0.0540681 0.0772899
241 -0.646235 0.0620483 0.00439147
242 -0.619985 0.0465052 0.0307031
243 -0.618183 0.0646142 0.00697313
244 -0.637092 -0.088331 0.10437
245 -0.63386 -0.069481 0.0764361
246 -0.619972 -0.0933452 0.104559
247 -0.542366 0.0292046 0.0220084
248 -0.549977 0.0617287 0.0361912
249 -0.578958 0.0361361 0.0284562
250 -0.547335 0.0392019 0.0481155
251 -0.543576 -0.0584202 0.0423215
252 -0.597303 -0.122966 -0.0760254
253 -0.583731 -0.107543 -0.106
254 -0.575826 -0.105038 -0.0852576
255 -0.584417 0.0552264 0.0475532
256 -0.622607 0.0526361 0.0556783
257 -0.629514 -0.0661903 -0.102704
258 -0.61663 -0.087249 -0.104115
259 -0.601702 -0.0593432 -0.102411
260 -0.598072 -0.0853482 0.104359
261 -0.506258 -0.0163685 0.0283697
262 -0.624794 -0.0687238 0.103354
263 -0.505197 -0.0145539 -0.0174143
264 -0.590996 -0.132743 -0.0769856
265 -0.607018 -0.0579664 0.0384667
266 -0.623922 -0.0422605 0.0505894
267 -0.529281 0.0517205 0.0947994
268 -0.540778 0.0396838 0.0738199
269 -0.564139 0.0372229 0.0625978
270 -0.556076 0.0649753 0.0607688
271 -0.646235 0.0819626 -0.0273138
272 -0.572946 0.0728701 -0.0718354
273 -0.571465 0.0506692 -0.0621409
274 -0.590451 0.0570936 -0.0439418
275 -0.571756 0.0165978 0.0487425
276 -0.646235 0.1 -0.075
277 -0.548945 -0.123925 0.036683
278 -0.646235 -0.0377395 -0.063314
279 -0.646235 -0.0138787 -0.0726252
280 -0.646235 -5.85977e-05 -0.0473034
281 -0.523301 -0.0384144 -0.0241756
282 -0.526451 -0.0522459 -0.0497182
283 -0.646235 -0.1 0
284 -0.531806 0.0512015 0.0118741
285 -0.556547 0.0643423 0.0110081
286 -0.565216 0.0493228 0.00804723
287 -0.573274 -0.0483668 -0.0226632
288 -0.551669 -0.00431974 0.0701898
289 -0.646235 0.0742096 -0.0422098
290 -0.646235 -0.0654509 -0.069399
291 -0.634116 -0.081076 -0.0820222
292 -0.579084 0.0446425 -0.0957928
293 -0.58211 0.0576333 -0.0827175
294 -0.646235 0.0493613 0.0554558
295 -0.620312 -0.0602381 0.0631543
296 -0.533622 -0.0887725 0.101626
297 -0.646235 0.1 -0.05
298 -0.545113 0.0133782 0.0436442
299 -0.567942 -0.0672457 -0.0771208
300 -0.50925 0.037589 0.0327901
301 -0.481569 0.0203307 0.0294244
302 -0.505875 0.0107032 0.0382957
303 -0.496638 0.0304061 0.0113869
304 -0.646235 0.00252473 0.0453561
305 -0.646235 -0.0117437 0.024989
306 -0.610949 0.0500385 -0.0970157
307 -0.573213 -0.0140389 -0.0993518
308 -0.531914 -0.00173952 -0.0969624
309 -0.554444 -0.000140445 -0.0977079
310 -0.559419 0.0245628 -0.0951787
311 -0.646235 -0.0296928 0.0483759
312 -0.633339 -0.108013 -0.104985
313 -0.63788 -0.0866206 -0.103755
314 -0.632446 -0.108912 -0.0719777
315 -0.556305 -0.0605522 0.048632
316 -0.545625 -0.0524367 0.0749975
317 -0.551469 -0.0252357 0.0997192
318 -0.570647 -0.0288045 0.0719909
319 -0.646235 0.0208291 0.0702258
320 -0.646235 0.0442966 0.0792631
321 -0.578046 -0.106965 0.105033
322 -0.529496 -0.0586159 0.066174
323 -0.567734 0.00892932 -0.0161953
324 -0.622426 -0.0137686 0.000736054
325 -0.577371 0.0729558 0.0527947
326 -0.646235 0.05 -0.1
327 -0.585292 -0.0391949 -0.100499
328 -0.555505 -0.0671067 -0.0833661
329 -0.596116 0.0185562 0.035282
330 -0.535399 -0.0591363 0.100192
331 -0.575552 -0.111077 -0.0101856
332 -0.631262 -0.0899146 -0.0556819
333 -0.646235 0.025 -0.1
334 -0.495524 0.00795204 -0.0772407
335 -0.497818 0.0305644 0.0501264
336 -0.646235 0.0652799 -0.02789
337 -0.646235 0.0687843 -0.0141214
338 -0.581034 -0.0349807 0.100864
339 -0.61257 -0.117413 0.00888888
340 -0.599434 -0.122779 -0.0119813
341 -0.531065 0.0502799 0.0597918
342 -0.495894 0.0299446 0.0713824
343 -0.62361 0.00465837 0.100033
344 -0.646235 -0.0112864 0.0731389
345 -0.517714 -0.0246195 -0.00427363
346 -0.518373 -0.000414443 0.00855987
347 -0.489636 -0.0289747 0.00554066
348 -0.581538 -0.0488526 -0.0471061
349 -0.558299 -0.0462308 -0.0999354
350 -0.54754 -0.0281518 -0.0987467
351 -0.598583 -0.0495792 0.0567712
352 -0.646235 0.1 -0.1
353 -0.646235 -0.0494793 -0.0489394
354 -0.603757 0.0847262 -0.0585125
355 -0.61182 -0.0913954 0.0115127
356 -0.508549 -0.0258022 -0.0981946
357 -0.488378 -0.0279312 -0.0718012
358 -0.535814 -0.0933582 0.0296149
359 -0.646235 0.0518641 -0.0141252
360 -0.646235 0.0819828 -0.0068001
361 -0.555349 -0.134156 -0.0214702
362 -0.646235 0.0708547 0.072385
363 -0.646235 0.05 0.1
364 -0.646235 -0.0350529 -0.00977574
365 -0.646235 -0.1 -0.05
366 -0.646235 -0.0717761 -0.0383868
367 -0.523887 -0.0729263 -0.0729911
368 -0.646235 -0.0821871 0.0475877
369 -0.637767 -0.107229 0.0438032
370 -0.646235 -0.0740063 0.0209203
371 -0.619095 -0.0379205 0.0746732
372 -0.646235 -0.0566634 0.0437855
373 -0.559109 0.0183866 0.0156703
374 -0.646235 -0.00715476 -0.00234005
375 -0.646235 -0.075 -0.1
376 -0.646235 -0.1 -0.075
377 -0.491601 -0.023704 -0.0414918
378 -0.547752 -0.0842129 -0.0702769
379 -0.62493 -0.04303 0.102152
380 -0.643595 -0.105413 -0.0591247
381 -0.646235 -0.05 -0.1
382 -0.623061 -0.0410249 -0.101587
383 -0.646235 -0.0376116 -0.0808832
384 -0.646235 -0.1 0.075
385 -0.646235 -0.0647591 0.0714345
386 -0.581905 0.0763319 -0.0934005
387 -0.60318 0.0838099 -0.080032
388 -0.591309 -0.0871291 -0.10452
389 -0.58462 0.0766617 0.00757707
390 -0.5928 0.0610081 0.0204678
391 -0.60039 -0.122906 0.0908783
392 -0.646235 -0.0384815 0.0755242
393 -0.646235 -0.025 0.1
394 -0.593432 -0.067537 -0.0299483
395 -0.577985 -0.0431229 0.0414717
396 -0.562072 -0.132589 0.0814862
397 -0.601989 -0.0345955 -0.101129
398 -0.49995 0.0336193 -0.0616586
399 -0.486183 0.00585248 -0.0536037
400 -0.532313 -0.0218364 -0.0978315
401 -0.528208 -0.0459751 -0.0991868
402 -0.646235 -0.0482393 0.0598669
403 -0.646235 -0.0173233 -0.026685
404 -0.548204 -0.120431 -0.0797296
405 -0.546874 -0.0983154 -0.101983
406 -0.636018 -0.109035 0.0679526
407 -0.646235 -0.0449504 -0.0292565
408 -0.573659 0.0722609 0.028334
409 -0.541692 0.0582122 -0.0564757
410 -0.646235 -0.025 -0.1
411 -0.618268 -0.0214809 0.100942
412 -0.634512 -0.108274 0.105082
413 -0.6103 -0.116819 0.105983
414 -0.628051 -0.0550579 -0.00953153
415 -0.582871 -0.140132 -0.0536854
416 -0.646235 0.025 0.1
417 -0.506509 0.00480413 -0.0953063
418 -0.489374 -0.0175186 -0.0964233
419 -0.59474 -0.0383931 -0.0364434
420 -0.608963 -0.117026 -0.105887
421 -0.616663 -0.114319 -0.0843704
422 -0.646235 0.1 0.075
423 -0.58934 -0.0767531 -0.0847157
424 -0.646235 0.054683 0.0291586
425 -0.646235 0.00591289 -0.0261435
426 -0.576254 -0.14359 -0.104569
427 -0.612709 0.0863173 0.0148722
428 -0.646235 0.0709588 0.0457403
429 -0.636397 -0.108344 0.0185489
430 -0.646235 0.0778512 0.0206915
431 -0.629244 0.000204388 -0.0310587
432 -0.608439 0.0856617 -0.0350892
433 -0.646235 0.1 0
434 -0.517812 -0.0883109 0.0750052
435 -0.646235 0 0.1
436 -0.504283 -0.0416342 0.0697274
437 -0.538569 0.0252626 -0.0937077
438 -0.589304 -0.129183 -0.107078
439 -0.646235 -0.1 0.05
440 -0.489148 -0.00184062 0.0120089
441 -0.59357 0.0646366 -0.0954471
442 -0.599543 0.0833675 -0.0937965
443 -0.524022 0.0470982 -0.0916647
444 -0.54206 0.0172363 0.0949946
445 -0.531363 -0.0770409 -0.101212
446 -0.646235 -0.05 0.1
447 -0.577244 -0.1444 0.104928
448 -0.473737 0.0154111 -0.00177926
449 -0.555217 -0.0765307 -0.101665
450 -0.571272 -0.150832 0.0525864
451 -0.646235 -0.1 0.025
452 -0.573408 -0.147812 -0.0696699
453 -0.572716 -0.064593 -0.103336
454 -0.490371 -0.00766339 0.053024
455 -0.48057 0.0202468 0.0543396
456 -0.478874 0.0186731 -0.0303185
457 -0.48479 0.0233667 -0.0497964
458 -0.50805 -0.042812 -0.0160406
459 -0.48695 0.0259093 0.0950478
460 -0.517819 -0.0438197 0.0994032
461 -0.491575 -0.031549 0.0987854
462 -0.523945 -0.0912549 -0.0456976
463 -0.646235 -0.1 -0.1
464 -0.477099 0.019624 -0.0702978
465 -0.646235 0.1 -0.025
466 -0.646235 -0.075 0.1
467 -0.646235 -0.1 0.1
468 -0.646235 0.1 0.1
469 -0.543576 0.0593793 -0.0919753
470 -0.510821 -0.0698955 -0.0218689
471 -0.514238 -0.101175 -0.0240078
472 -0.516592 -0.119161 -0.0020596
473 -0.508355 -0.14229 -0.0204478
474 -0.497774 -0.116386 -0.0188492
475 -0.384865 -0.0907266 -0.0771599
476 -0.370617 -0.0707618 -0.0958911
477 -0.398932 -0.0647046 -0.0966353
478 -0.374843 -0.0670572 -0.08091
479 -0.523247 -0.155379 0.0709376
480 -0.527459 -0.152217 0.0330787
481 -0.539228 -0.128495 0.0508813
482 -0.512171 -0.137662 0.0502085
483 -0.464448 -0.0233495 0.0102031
484 -0.425732 -0.0222005 0.0304611
485 -0.436778 -0.0462357 0.0149286
486 -0.454443 0.00229929 0.0177591
487 -0.460128 -0.0765354 -0.0220542
488 -0.458289 -0.0633756 0.0124121
489 -0.444279 -0.0909925 -0.00267183
490 -0.447447 -0.0563637 -0.011012
491 -0.486386 -0.149715 -0.0787759
492 -0.519508 -0.150085 -0.0796164
493 -0.50015 -0.118027 -0.0795242
494 -0.501571 -0.134178 -0.100743
495 -0.48145 -0.11849 -0.0646343
496 -0.48042 -0.0915918 -0.0990838
497 -0.484606 -0.0842214 -0.0744536
498 -0.462464 -0.10609 -0.0790613
499 -0.531914 -0.150041 0.000127802
500 -0.507391 -0.143363 0.0136744
501 -0.470327 -0.057359 0.0497994
502 -0.48094 -0.0866972 0.0482806
503 -0.452571 -0.083474 0.0655916
504 -0.467745 -0.0922944 0.0758618
505 -0.502775 -0.0773545 -0.0484347
506 -0.502699 -0.0949046 -0.0638105
507 -0.504016 -0.114724 -0.0453549
508 -0.480235 -0.12521 -0.100143
509 -0.431021 -0.0707262 0.000199004
510 -0.419825 -0.121424 -0.0531155
511 -0.435917 -0.140298 -0.0772235
512 -0.432948 -0.151837 -0.0496767
513 -0.445115 -0.131636 -0.043893
514 -0.497833 -0.0867805 0.0739031
515 -0.484369 -0.0613535 0.0731454
516 -0.50526 -0.136477 0.10155
517 -0.524093 -0.120733 0.102235
518 -0.516966 -0.1238 0.0782039
519 -0.520173 -0.14153 0.10268
520 -0.455531 0.00298635 0.0495521
521 -0.475091 -0.00755246 0.0350875
522 -0.46881 -0.0377361 -0.0513597
523 -0.478352 -0.0415677 -0.0199356
524 -0.455377 -0.0493826 -0.0315546
525 -0.528916 -0.126934 -0.0593826
526 -0.508342 -0.14036 -0.0561839
527 -0.528244 -0.129066 -0.0843356
528 -0.545353 -0.146808 -0.0754263
529 -0.508967 -0.073761 -0.0995661
530 -0.52124 -0.0886735 -0.100105
531 -0.442407 -0.119015 -7.2096e-05
532 -0.424741 -0.112268 -0.0227192
533 -0.41231 -0.0994027 -0.00264742
534 -0.413557 -0.120302 0.0100968
535 -0.430933 -0.0636976 -0.031062
536 -0.435489 -0.0931283 -0.0485339
537 -0.412478 -0.0919826 -0.0382119
538 -0.430577 -0.0823864 -0.0222612
539 -0.393573 -0.0802 0.00858208
540 -0.41068 -0.0694106 -0.00577928
541 -0.413177 -0.0905886 0.0200771
542 -0.466611 -0.0916139 0.00430975
543 -0.457512 -0.0887111 0.0307846
544 -0.436089 -0.0814062 0.0169285
545 -0.453498 -0.117552 -0.0592183
546 -0.456571 -0.101644 -0.028599
547 -0.471731 -0.0952294 -0.0545074
548 -0.474787 -0.121591 -0.0371577
549 -0.478503 -0.201457 -0.0149985
550 -0.499434 -0.222156 -0.0291596
551 -0.495188 -0.186364 -0.00855628
552 -0.492355 -0.199385 -0.0428555
553 -0.46298 -0.190691 -0.0430937
554 -0.446952 -0.164841 -0.0313444
555 -0.479719 -0.176155 -0.0317256
556 -0.46212 -0.179129 -0.0125312
557 -0.478595 -0.155677 0.0249279
558 -0.48733 -0.12857 0.0363373
559 -0.496048 -0.157376 0.00767475
560 -0.50252 -0.105978 -0.100515
561 -0.517726 -0.128171 -0.101505
562 -0.449668 -0.165284 0.0115111
563 -0.429364 -0.138916 0.0265831
564 -0.433181 -0.147392 0.000424611
565 -0.459307 -0.138174 0.0188828
566 -0.459861 -0.0826579 -0.0701472
567 -0.440611 -0.0885902 -0.0769428
568 -0.435309 -0.0656029 -0.0641849
569 -0.449629 -0.0710382 -0.0486547
570 -0.457065 0.00457527 0.0952144
571 -0.471079 0.0142369 0.0735374
572 -0.47565 -0.00987856 0.0965571
573 -0.484356 -0.182384 -0.05635
574 -0.468818 -0.167674 -0.0525748
575 -0.410839 -0.131004 -0.00724176
576 -0.427126 -0.0486532 -0.0125004
577 -0.398903 -0.0460272 0.0167408
578 -0.42569 -0.0222605 -0.000584424
579 -0.491265 -0.0884642 0.0199737
580 -0.49052 -0.122041 0.00740345
581 -0.469429 -0.111304 0.0260904
582 -0.416047 -0.0626547 0.0222871
583 -0.428891 -0.0926023 0.042401
584 -0.439971 -0.0662306 0.0411609
585 -0.534479 -0.113137 -0.0312416
586 -0.502385 -0.105675 0.101157
587 -0.52545 -0.134889 -0.0290965
588 -0.469397 -0.115843 -0.00807151
589 -0.478642 -0.14137 -0.00968094
590 -0.447506 -0.133778 -0.0230426
591 -0.456299 -0.151705 -0.00933332
592 -0.434366 -0.180432 -0.0103737
593 -0.527785 -0.106879 0.0509116
594 -0.511421 -0.0953614 0.0201459
595 -0.520132 -0.0798609 0.0473615
596 -0.485405 -0.0542209 0.0278175
597 -0.495863 -0.0395665 0.0472165
598 -0.504384 -0.0680642 0.0298349
599 -0.539107 -0.122326 -0.102008
600 -0.552715 -0.138754 -0.102774
601 -0.46673 -0.107959 0.0533351
602 -0.46281 -0.143087 -0.0997492
603 -0.437348 -0.14231 -0.0990591
604 -0.451534 -0.115645 -0.0990722
605 -0.459294 -0.132951 -0.0804819
606 -0.502108 -0.142593 0.0809226
607 -0.474948 -0.168186 7.53345e-06
608 -0.493222 -0.175066 -0.10098
609 -0.508913 -0.170451 -0.0664354
610 -0.514528 -0.159008 -0.101419
611 -0.518489 -0.200766 -0.101872
612 -0.539972 -0.179528 -0.102189
613 -0.524942 -0.195079 -0.0746886
614 -0.424497 -0.0858401 0.0985185
615 -0.452182 -0.0924401 0.0989602
616 -0.445446 -0.0680658 0.0984916
617 -0.442948 -0.101537 0.080247
618 -0.469854 -0.187856 0.0150681
619 -0.486039 -0.0957697 -0.0345944
620 -0.416571 -0.0560054 -0.0727528
621 -0.422066 -0.051908 -0.0966476
622 -0.419357 -0.0730772 -0.0972402
623 -0.473403 -0.0105382 -0.0733506
624 -0.448218 -0.038347 0.0679066
625 -0.51974 -0.171593 0.0208586
626 -0.492046 -0.182728 0.0276294
627 -0.506152 -0.161461 0.0398283
628 -0.428479 -0.0786458 0.0722665
629 -0.502952 -0.0535517 -0.0741461
630 -0.496855 -0.0496767 -0.042807
631 -0.474715 -0.0696573 -0.0442877
632 -0.406605 -0.0638244 -0.0300014
633 -0.407774 -0.0680065 -0.0511408
634 -0.386517 -0.0829398 -0.0465528
635 -0.461613 -0.151134 0.0702152
636 -0.466728 -0.13652 0.0472178
637 -0.450217 -0.126447 0.0740533
638 -0.44164 -0.142988 0.0519297
639 -0.47862 -0.057531 -0.0657264
640 -0.404096 -0.0756588 0.0443444
641 -0.386396 -0.100959 0.0210792
642 -0.374999 -0.0677124 0.0291337
643 -0.37995 -0.106619 0.0484159
644 -0.413989 -0.0887101 -0.0685007
645 -0.387552 -0.0550743 0.0707249
646 -0.389098 -0.0546731 0.0434132
647 -0.412262 -0.0579089 0.0668188
648 -0.51195 -0.168633 -0.0337275
649 -0.490195 -0.160205 -0.0476898
650 -0.543655 -0.177728 0.0537795
651 -0.555907 -0.163854 0.0414794
652 -0.544019 -0.177725 0.0270571
653 -0.443138 -0.115714 0.0454394
654 -0.460856 -0.0265833 -0.0968163
655 -0.445636 -0.0274483 -0.0676332
656 -0.458489 -0.0478464 -0.0779276
657 -0.53347 -0.187344 -0.0496355
658 -0.544591 -0.172424 -0.0719511
659 -0.531959 -0.159838 -0.048998
660 -0.537469 -0.182742 -0.0748923
661 -0.48886 -0.0874757 -0.0106744
662 -0.504861 -0.0793803 -0.0821935
663 -0.523372 -0.10475 -0.0779238
664 -0.525901 -0.103802 -0.101331
665 -0.536775 -0.139573 0.103009
666 -0.543939 -0.137843 0.0770779
667 -0.417966 -0.146307 -0.0288346
668 -0.48807 -0.135184 -0.0372122
669 -0.534095 -0.147885 -0.102108
670 -0.56696 -0.154238 -0.0418467
671 -0.567373 -0.154723 -0.022201
672 -0.559184 -0.161595 -0.026611
673 -0.372693 -0.0690139 0.0540829
674 -0.400562 -0.0894326 -0.0974344
675 -0.394521 -0.072944 -0.071666
676 -0.486718 -0.160982 -0.0199798
677 -0.501369 -0.0660305 0.0547801
678 -0.507343 -0.212914 -0.0717358
679 -0.502161 -0.219113 -0.0511834
680 -0.477283 -0.20767 -0.0703362
681 -0.554122 -0.164384 0.0713211
682 -0.481132 -0.174051 -0.0760161
683 -0.441875 -0.156158 0.0799672
684 -0.462129 -0.178958 0.100588
685 -0.458885 -0.15311 0.100206
686 -0.452767 -0.184467 0.0762117
687 -0.479672 -0.0310121 0.0572506
688 -0.471766 -0.0479464 0.0793336
689 -0.459983 -0.0343277 0.0345709
690 -0.425312 -0.0444091 0.0429992
691 -0.514463 -0.117798 0.0304863
692 -0.448663 -0.0307207 -0.0370894
693 -0.454436 -0.0240375 -0.0134279
694 -0.428701 -0.046843 -0.0460936
695 -0.407698 -0.0957771 0.0689539
696 -0.383126 -0.0834992 0.0715776
697 -0.404177 -0.0679379 0.0976331
698 -0.43672 -0.107129 0.0194461
699 -0.468152 -0.011344 0.0722573
700 -0.498993 -0.191354 -0.0760567
701 -0.499247 -0.0967577 0.0466322
702 -0.479211 -0.121346 0.0704774
703 -0.500294 -0.116853 0.0622102
704 -0.422341 -0.0237019 0.0960178
705 -0.426254 -0.0213307 0.066553
706 -0.450818 -0.0213189 0.0964363
707 -0.44942 -0.00163199 0.075762
708 -0.420354 -0.0273861 -0.0302064
709 -0.481095 -0.0284208 0.0329232
710 -0.436442 -0.111535 0.099433
711 -0.457502 -0.017618 0.0519828
712 -0.508032 -0.0938547 -0.00311698
713 -0.395966 -0.0928859 0.0983393
714 -0.413623 -0.116738 0.0990765
715 -0.507035 -0.213478 0.0750606
716 -0.509415 -0.211746 0.0421931
717 -0.507511 -0.183817 0.0545858
718 -0.48127 -0.196512 0.0676296
719 -0.394928 -0.0926198 -0.0224889
720 -0.474683 -0.0134425 -0.0317757
721 -0.477084 -0.00561549 -0.00971324
722 -0.435393 -0.166849 0.0308477
723 -0.481235 -0.163445 0.0796823
724 -0.486972 -0.146045 0.0561482
725 -0.487375 -0.208398 0.0137894
726 -0.465194 -0.151017 -0.0352857
727 -0.46237 -0.0384471 0.0971828
728 -0.427925 -0.0512486 0.0973311
729 -0.406427 -0.118348 0.0387982
730 -0.480245 -0.0890041 0.0997928
731 -0.512069 -0.0605442 0.0751906
732 -0.429252 -0.0934683 -0.098221
733 -0.432339 -0.116167 -0.0774671
734 -0.544798 -0.172108 0.0893622
735 -0.487133 -0.069107 -0.0233034
736 -0.390234 -0.110197 -0.0527992
737 -0.536005 -0.157811 -0.0240933
738 -0.416645 -0.129506 0.0503391
739 -0.377119 -0.0951086 -0.00602062
740 -0.45321 0.000931051 -0.00257525
741 -0.477491 -0.196642 0.100735
742 -0.485929 -0.163563 0.100902
743 -0.498541 -0.187166 0.0801876
744 -0.480265 -0.131049 0.100358
745 -0.451495 -0.00122994 -0.0245347
746 -0.536449 -0.184354 -0.0256707
747 -0.549045 -0.171413 -0.0348461
748 -0.555888 -0.16372 -0.011688
749 -0.486766 -0.150916 -0.100672
750 -0.521395 -0.199467 -0.0190816
751 -0.517648 -0.16937 -0.00774092
752 -0.511547 -0.0732505 0.100137
753 -0.558519 -0.160744 -0.0593154
754 -0.468904 -0.0125318 -0.0526184
755 -0.412151 -0.14719 -0.0766876
756 -0.414157 -0.121931 -0.0983579
757 -0.404377 -0.114425 -0.0769666
758 -0.426595 -0.111761 0.0677666
759 -0.421096 -0.139252 0.0769996
760 -0.397135 -0.126301 -0.0296651
761 -0.480173 -0.000582974 -0.0954574
762 -0.489179 -0.0614664 2.76677e-05
763 -0.458269 -0.18892 -0.0764148
764 -0.408601 -0.0370442 0.0505862
765 -0.427144 -0.0209792 0.0497119
766 -0.407973 -0.0362151 0.0760339
767 -0.505249 -0.187009 0.101444
768 -0.497014 -0.222748 0.101346
769 -0.555527 -0.164195 0.0137274
770 -0.542037 -0.13955 0.0190197
771 -0.507131 -0.185321 -0.0452642
772 -0.47039 -0.0647252 0.0984888
773 -0.512941 -0.0692539 0.00152546
774 -0.442522 -0.171493 0.057071
775 -0.458067 -0.121482 0.0997913
776 -0.542763 -0.17909 -0.00385391
777 -0.524449 -0.196954 0.0152284
778 -0.501004 -0.161747 0.0640337
779 -0.515117 -0.172655 0.0820422
780 -0.478285 -0.171856 0.0538708
781 -0.463816 0.00943864 -0.0491818
782 -0.396553 -0.0458952 0.0968536
783 -0.502593 -0.218619 0.00553966
784 -0.492366 -0.229757 0.0310316
785 -0.484808 -0.204011 0.0437966
786 -0.439224 -0.0101259 -0.0495109
787 -0.448716 -0.000985965 -0.0711058
788 -0.494028 -0.059295 0.0992789
789 -0.399555 -0.12386 0.0735543
790 -0.455201 -0.15634 -0.066435
791 -0.434683 -0.174298 -0.077868
792 -0.46959 -0.167749 -0.100358
793 -0.375982 -0.0665551 -0.0378953
794 -0.36956 -0.0724752 -0.0608363
795 -0.383479 -0.0592492 -0.0538565
796 -0.514287 -0.206478 -0.048352
797 -0.529042 -0.191962 0.0405896
798 -0.471823 -0.140738 -0.0548482
799 -0.554869 -0.162114 -0.103553
800 -0.420951 -0.0241481 -0.095772
801 -0.376503 -0.0665749 0.0060798
802 -0.386736 -0.0572068 -0.0146413
803 -0.459601 -0.166765 0.0362525
804 -0.489957 -0.232717 -0.0582997
805 -0.41552 -0.0307031 -0.0482495
806 -0.434185 -0.139895 0.0997311
807 -0.483722 -0.0399045 -0.097974
808 -0.483082 -0.0641076 -0.0987687
809 -0.39867 -0.0460455 -0.0428947
810 -0.388644 -0.0538836 -0.071756
811 -0.365321 -0.0772397 -0.0135134
812 -0.477612 -0.196201 -0.100606
813 -0.524704 -0.196193 0.0655835
814 -0.518409 -0.201418 0.101778
815 -0.49714 -0.222326 -0.101147
816 -0.405653 -0.0398213 -0.0141168
817 -0.503009 -0.0501579 -0.0986776
818 -0.44187 -0.0668449 -0.0973014
819 -0.44897 -0.160502 -0.100059
820 -0.395526 -0.0469847 -0.0962284
821 -0.538954 -0.180368 0.103007
822 -0.539741 -0.180689 0.080304
823 -0.532148 -0.156856 0.103217
824 -0.413158 -0.0321863 -0.0684888
825 -0.46122 -0.0615745 -0.0980423
826 -0.45654 -0.0851213 -0.0983674
827 -0.440943 -0.175962 0.0999701
828 -0.556084 -0.162327 0.104111
829 -0.459982 -0.19329 0.0464239
830 -0.456786 0.00664625 -0.0943928
831 -0.561585 -0.157272 -0.0813926
832 -0.441247 -0.181631 -0.0486637
833 -0.469571 -0.208162 0.0798833
834 -0.359956 -0.0829921 0.0136101
835 -0.514936 -0.16049 0.102262
836 -0.36492 -0.0774898 0.0759149
837 -0.486337 -0.235042 0.0640311
838 -0.383191 -0.0588812 -0.0963789
839 -0.371549 -0.0692362 0.0973308
840 -0.432389 -0.165582 -0.099284
841 -0.449843 -0.180506 -0.100065
842 -0.33402 -0.110469 0.0477183
843 -0.359048 -0.122375 0.0313547
844 -0.32686 -0.118055 0.0243625
845 -0.339075 -0.135628 0.0230265
846 -0.444037 -0.248363 -0.0137682
847 -0.415819 -0.230585 -0.000825474
848 -0.438404 -0.224318 -0.00537862
849 -0.435723 -0.256264 0.00910798
850 -0.440676 -0.220109 -0.0760211
851 -0.450811 -0.224398 -0.100193
852 -0.438586 -0.241235 -0.0999954
853 -0.455507 -0.241463 -0.0852603
854 -0.325081 -0.204597 0.0557694
855 -0.347871 -0.215653 0.0374586
856 -0.325599 -0.227199 0.0278211
857 -0.330336 -0.233839 0.0585856
858 -0.46903 -0.255153 -0.100573
859 -0.453699 -0.25294 -0.100245
860 -0.46126 -0.239443 -0.100392
861 -0.431091 -0.233201 0.0477953
862 -0.448987 -0.245639 0.0314953
863 -0.42888 -0.266669 0.0518368
864 -0.45677 -0.23878 0.0542607
865 -0.399329 -0.204722 0.071659
866 -0.38215 -0.227079 0.0383472
867 -0.371385 -0.194601 0.0482126
868 -0.376958 -0.218775 0.0773149
869 -0.365951 -0.164561 -0.0386413
870 -0.351819 -0.179431 -0.052557
871 -0.352603 -0.193163 -0.0205791
872 -0.374284 -0.196146 -0.0380993
873 -0.411799 -0.269604 0.100258
874 -0.424082 -0.269565 0.0793296
875 -0.407821 -0.241289 0.0824037
876 -0.395785 -0.265894 0.084305
877 -0.45617 -0.235318 0.0117553
878 -0.317275 -0.127765 0.00474095
879 -0.306368 -0.139623 -0.0132017
880 -0.329163 -0.139411 -0.0221024
881 -0.322489 -0.122588 -0.0168866
882 -0.403626 -0.247549 -0.0529499
883 -0.411133 -0.218318 -0.070605
884 -0.396092 -0.204666 -0.0440334
885 -0.380874 -0.224118 -0.0652077
886 -0.330682 -0.163742 -0.0364823
887 -0.313226 -0.202709 -0.0466482
888 -0.338635 -0.199092 -0.0390625
889 -0.315947 -0.170938 -0.0549223
890 -0.45184 -0.205796 0.100454
891 -0.458568 -0.266603 0.100665
892 -0.428462 -0.251304 0.100291
893 -0.437618 -0.289402 0.100565
894 -0.445085 -0.204474 -0.0228554
895 -0.418468 -0.181803 -0.0284399
896 -0.469149 -0.2169 0.0547312
897 -0.440553 -0.245597 0.0736031
898 -0.453675 -0.236573 0.100632
899 -0.35659 -0.233191 -0.0992076
900 -0.339283 -0.217418 -0.0848615
901 -0.332239 -0.229543 -0.0991206
902 -0.344232 -0.213291 -0.0989535
903 -0.419502 -0.207392 -0.0178303
904 -0.405625 -0.184402 -0.000689531
905 -0.408546 -0.23399 0.0599422
906 -0.479355 -0.245238 0.0304766
907 -0.465488 -0.25995 0.0519213
908 -0.431732 -0.229573 0.0192592
909 -0.381772 -0.206343 -0.0784173
910 -0.363219 -0.204329 -0.0988542
911 -0.362083 -0.225008 -0.079138
912 -0.376906 -0.218928 -0.099068
913 -0.473282 -0.220363 -0.0398929
914 -0.407574 -0.2436 0.0148892
915 -0.443245 -0.197769 0.0166346
916 -0.468337 -0.218496 0.0280006
917 -0.397112 -0.257721 -0.0996228
918 -0.421614 -0.255535 -0.0999202
919 -0.40302 -0.263876 -0.0783117
920 -0.415291 -0.239259 -0.0998107
921 -0.420517 -0.162288 0.0530459
922 -0.460864 -0.22918 0.081016
923 -0.361741 -0.159373 0.0649755
924 -0.373881 -0.185229 0.0791184
925 -0.393255 -0.173141 0.0519796
926 -0.443432 -0.283297 0.0680266
927 -0.460224 -0.265194 0.0745482
928 -0.489022 -0.234853 0.011861
929 -0.426827 -0.2496 0.0294347
930 -0.416012 -0.218746 0.0369
931 -0.46368 -0.210018 0.000486213
932 -0.437088 -0.291482 -0.0648541
933 -0.44969 -0.276544 -0.0661248
934 -0.426973 -0.270966 -0.0689264
935 -0.443388 -0.283396 -0.0827578
936 -0.394817 -0.209292 -0.0137968
937 -0.418481 -0.202676 0.0060155
938 -0.345273 -0.155142 -0.0535959
939 -0.346404 -0.134313 -0.0386173
940 -0.327413 -0.14101 -0.0521543
941 -0.36107 -0.193846 0.099598
942 -0.373212 -0.216521 0.0998706
943 -0.35002 -0.0940988 -0.0381757
944 -0.363684 -0.100357 -0.0574868
945 -0.414828 -0.183636 0.0316676
946 -0.432999 -0.194813 0.0508807
947 -0.458523 -0.267533 0.00448612
948 -0.475078 -0.249885 0.00211626
949 -0.462476 -0.263283 -0.018891
950 -0.424912 -0.305054 0.0367857
951 -0.397462 -0.296268 0.0179685
952 -0.433063 -0.29618 0.0115451
953 -0.414143 -0.27232 0.0239475
954 -0.347918 -0.225794 -0.0216314
955 -0.367623 -0.214711 0.00353109
956 -0.371269 -0.215095 -0.0213595
957 -0.326101 -0.223944 -0.0220071
958 -0.309453 -0.218104 0.00460679
959 -0.321896 -0.189847 -0.0106039
960 -0.340846 -0.208127 0.0065884
961 -0.342816 -0.119767 -0.062375
962 -0.32748 -0.116415 -0.0778344
963 -0.34952 -0.125953 -0.0825983
964 -0.340363 -0.103011 -0.0828586
965 -0.386579 -0.165588 -0.0694137
966 -0.41057 -0.171668 -0.0991411
967 -0.383234 -0.153242 -0.0987206
968 -0.359751 -0.1229 0.00623006
969 -0.338597 -0.105949 -0.00537811
970 -0.376499 -0.172222 0.0311382
971 -0.391954 -0.206799 0.0179005
972 -0.359192 -0.201186 0.0232396
973 -0.396269 -0.228079 -0.0995292
974 -0.424775 -0.217546 -0.0997729
975 -0.46475 -0.260909 0.0228748
976 -0.351109 -0.163154 -0.0187392
977 -0.330341 -0.153398 0.00999355
978 -0.339649 -0.173931 0.00709591
979 -0.319488 -0.156532 -0.00987149
980 -0.357314 -0.238366 -0.0509351
981 -0.384748 -0.26186 -0.0489723
982 -0.370604 -0.250201 -0.0736784
983 -0.418634 -0.167834 0.0997076
984 -0.395665 -0.161528 0.0783327
985 -0.409208 -0.145732 0.0994012
986 -0.446176 -0.219454 0.0385365
987 -0.444493 -0.213082 0.0703191
988 -0.42701 -0.19045 -0.0995091
989 -0.364848 -0.112961 -0.0370542
990 -0.353937 -0.116895 -0.018583
991 -0.420025 -0.230059 -0.0338299
992 -0.430777 -0.207227 -0.0476444
993 -0.449542 -0.235425 -0.0396154
994 -0.422221 -0.307795 0.0703918
995 -0.399956 -0.297397 0.0484615
996 -0.419942 -0.26004 -0.0119837
997 -0.395869 -0.266981 0.00499991
998 -0.351764 -0.207326 0.0720261
999 -0.345809 -0.180938 0.0492663
1000 -0.362248 -0.269933 -0.0994385
1001 -0.392577 -0.289627 -0.0996712
1002 -0.380977 -0.281897 -0.0716251
1003 -0.320612 -0.124055 0.098266
1004 -0.34007 -0.137552 0.0755345
1005 -0.339151 -0.129563 0.0985591
1006 -0.323394 -0.121203 0.0741656
1007 -0.296616 -0.182341 -0.0257717
1008 -0.297358 -0.220922 -0.0214765
1009 -0.384127 -0.249107 0.066998
1010 -0.39898 -0.247863 0.100121
1011 -0.389633 -0.225758 0.099803
1012 -0.3316 -0.112828 -0.0329498
1013 -0.419367 -0.310812 -0.0660181
1014 -0.407024 -0.285565 -0.0536758
1015 -0.409401 -0.294276 -0.0797222
1016 -0.370757 -0.185519 0.00367568
1017 -0.385079 -0.15506 -0.00527275
1018 -0.385153 -0.181904 -0.0174428
1019 -0.465021 -0.260234 -0.0514069
1020 -0.461052 -0.225554 -0.0709832
1021 -0.271481 -0.177541 0.0255187
1022 -0.287311 -0.197777 0.05012
1023 -0.279972 -0.1684 0.0552315
1024 -0.296706 -0.176579 0.0362045
1025 -0.414787 -0.152571 -0.0989458
1026 -0.335769 -0.178162 0.0758887
1027 -0.323422 -0.15632 0.0627125
1028 -0.307014 -0.18169 0.0597333
1029 -0.292484 -0.154896 0.0766306
1030 -0.29987 -0.146784 0.0532852
1031 -0.318059 -0.183851 -0.0783986
1032 -0.294482 -0.194013 -0.074906
1033 -0.390989 -0.240071 -0.0795974
1034 -0.329176 -0.240227 0.00386763
1035 -0.308741 -0.136823 0.0305746
1036 -0.338491 -0.251453 0.0446806
1037 -0.360207 -0.231826 0.0531427
1038 -0.415819 -0.279038 -0.0325323
1039 -0.38715 -0.294625 -0.0403125
1040 -0.391481 -0.270914 -0.0222842
1041 -0.324034 -0.172536 0.0988786
1042 -0.310837 -0.199121 0.0821109
1043 -0.308107 -0.177489 0.0830103
1044 -0.305545 -0.179547 0.0101727
1045 -0.412353 -0.151667 0.018927
1046 -0.385875 -0.133567 0.0990071
1047 -0.372559 -0.138878 0.0783999
1048 -0.320634 -0.162921 0.03645
1049 -0.297501 -0.149095 0.0132431
1050 -0.290258 -0.157378 0.0369324
1051 -0.405957 -0.249831 0.0408818
1052 -0.36984 -0.162624 0.099376
1053 -0.44755 -0.279558 0.0269794
1054 -0.410446 -0.22426 0.100171
1055 -0.392028 -0.196073 0.0997418
1056 -0.298017 -0.148635 -0.0343171
1057 -0.315374 -0.129823 -0.0342104
1058 -0.308259 -0.13736 -0.0537714
1059 -0.384891 -0.275842 0.0402473
1060 -0.385543 -0.254375 0.0262338
1061 -0.442577 -0.284604 -0.00872495
1062 -0.4907 -0.233109 -0.00775848
1063 -0.356882 -0.19865 -0.0767952
1064 -0.361367 -0.209338 -0.0505271
1065 -0.357421 -0.121275 0.0599325
1066 -0.352636 -0.0909847 0.0428965
1067 -0.424604 -0.171427 0.0114925
1068 -0.378874 -0.13281 -0.0246982
1069 -0.347191 -0.139135 -0.00810853
1070 -0.386681 -0.121237 -0.0021574
1071 -0.414505 -0.176917 -0.0565405
1072 -0.407629 -0.190333 -0.0790089
1073 -0.334411 -0.19656 0.0993774
1074 -0.345129 -0.168295 0.0989918
1075 -0.321641 -0.196504 0.0307883
1076 -0.374504 -0.244387 0.0999656
1077 -0.376645 -0.282245 0.0722676
1078 -0.360836 -0.262595 0.046795
1079 -0.278949 -0.169485 -0.0352093
1080 -0.403368 -0.266992 0.0599803
1081 -0.450064 -0.276539 -0.0336455
1082 -0.421424 -0.198049 0.100055
1083 -0.421331 -0.175393 0.0761322
1084 -0.383365 -0.230011 -0.0378051
1085 -0.332499 -0.11088 -0.097272
1086 -0.350117 -0.11716 -0.0975656
1087 -0.288765 -0.207675 0.0253552
1088 -0.404336 -0.1545 0.0365625
1089 -0.398775 -0.174795 0.0163474
1090 -0.393053 -0.164875 -0.0370934
1091 -0.361825 -0.150434 0.014053
1092 -0.386551 -0.141166 0.0193634
1093 -0.393637 -0.142546 0.0589352
1094 -0.378696 -0.14087 0.0456595
1095 -0.39993 -0.142931 -0.052232
1096 -0.4773 -0.246475 -0.081396
1097 -0.471583 -0.221515 -0.100488
1098 -0.285417 -0.162567 -0.00859558
1099 -0.410574 -0.164569 -0.0076338
1100 -0.439714 -0.265284 -0.100086
1101 -0.442677 -0.259189 -0.0861419
1102 -0.287008 -0.160507 0.0989952
1103 -0.291408 -0.177693 0.099257
1104 -0.305054 -0.166187 0.0988212
1105 -0.39671 -0.165001 0.0995278
1106 -0.271553 -0.177131 0.0803948
1107 -0.401968 -0.245645 -0.0211992
1108 -0.404718 -0.292209 0.0768881
1109 -0.451647 -0.204956 -0.100115
1110 -0.43332 -0.196745 -0.0761961
1111 -0.353221 -0.240778 0.0760752
1112 -0.352524 -0.234449 0.00456097
1113 -0.472562 -0.221445 0.100886
1114 -0.285929 -0.197587 -0.00198687
1115 -0.286297 -0.187291 -0.0533598
1116 -0.357291 -0.130862 -0.0607971
1117 -0.43 -0.258051 -0.0443017
1118 -0.419586 -0.241382 -0.0763315
1119 -0.437631 -0.243196 -0.0652906
1120 -0.366107 -0.109069 0.0985908
1121 -0.343049 -0.100606 -0.0632666
1122 -0.361857 -0.112331 -0.0782695
1123 -0.355237 -0.0878629 -0.0803758
1124 -0.378793 -0.119122 0.0755676
1125 -0.353894 -0.112948 0.0823059
1126 -0.322323 -0.154581 -0.0667447
1127 -0.289514 -0.157909 -0.0603453
1128 -0.303934 -0.141372 -0.0740551
1129 -0.408642 -0.289258 0.100321
1130 -0.360403 -0.132167 0.0988218
1131 -0.363612 -0.154477 0.0397292
1132 -0.316001 -0.128602 -0.0682649
1133 -0.313876 -0.13069 -0.0831044
1134 -0.33554 -0.140685 -0.076506
1135 -0.355636 -0.0873931 0.0619982
1136 -0.380141 -0.186985 -0.0637738
1137 -0.366844 -0.181012 -0.0988732
1138 -0.360067 -0.15877 -0.0737438
1139 -0.458964 -0.266363 -0.0824064
1140 -0.481189 -0.243325 -0.0266725
1141 -0.341777 -0.10254 0.0237134
1142 -0.37918 -0.133852 -0.0775295
1143 -0.308141 -0.191907 0.0993398
1144 -0.287454 -0.204573 0.07586
1145 -0.417422 -0.312686 -0.0998235
1146 -0.418041 -0.27825 -0.0998794
1147 -0.431003 -0.297867 -0.0829949
1148 -0.407611 -0.181947 0.0997079
1149 -0.35394 -0.270074 -0.0554427
1150 -0.338706 -0.144542 0.043416
1151 -0.31682 -0.128387 0.0496717
1152 -0.393552 -0.19495 -0.0991606
1153 -0.446421 -0.280343 -0.050843
1154 -0.348643 -0.147146 0.0989532
1155 -0.383359 -0.237451 -0.00030523
1156 -0.370293 -0.260595 0.00156612
1157 -0.348517 -0.175292 0.0275984
1158 -0.322496 -0.204792 -0.0987063
1159 -0.334325 -0.198726 -0.0724271
1160 -0.330974 -0.176854 -0.097986
1161 -0.385879 -0.274809 0.100193
1162 -0.387364 -0.118917 -0.0978649
1163 -0.365476 -0.252852 -0.0256343
1164 -0.330933 -0.214974 0.0787167
1165 -0.311006 -0.223144 0.0717338
1166 -0.421843 -0.221989 0.0738541
1167 -0.343837 -0.0989841 -0.097017
1168 -0.400432 -0.198704 0.0434196
1169 -0.308218 -0.137302 0.0674999
1170 -0.322153 -0.149405 0.0851615
1171 -0.419785 -0.195785 0.0675153
1172 -0.335806 -0.223906 -0.0616482
1173 -0.313838 -0.220113 -0.0775703
1174 -0.433137 -0.224359 0.100262
1175 -0.34932 -0.228928 0.09977
1176 -0.36894 -0.103921 -0.0973692
1177 -0.373849 -0.142413 -0.0494291
1178 -0.331927 -0.111984 0.0985341
1179 -0.342881 -0.100781 0.0721292
1180 -0.340396 -0.171496 -0.0783366
1181 -0.327514 -0.150029 -0.0981193
1182 -0.377933 -0.241248 -0.0994195
1183 -0.390605 -0.301899 -0.0154826
1184 -0.38622 -0.283255 -0.00068113
1185 -0.413948 -0.285584 -0.00393006
1186 -0.371505 -0.277522 0.0181585
1187 -0.479375 -0.24378 -0.100797
1188 -0.471385 -0.253217 0.0783431
1189 -0.479658 -0.243991 0.101028
1190 -0.388436 -0.307396 -0.0717842
1191 -0.464465 -0.230739 -0.0129458
1192 -0.451768 -0.205945 -0.056804
1193 -0.366958 -0.262289 0.0788364
1194 -0.357583 -0.241353 0.0226453
1195 -0.305742 -0.207 0.0589255
1196 -0.433481 -0.295595 -0.0396864
1197 -0.336203 -0.127603 -0.0977336
1198 -0.298114 -0.168962 -0.0779972
1199 -0.411816 -0.31922 -0.0331084
1200 -0.417637 -0.312524 0.100427
1201 -0.431409 -0.297663 0.0842346
1202 -0.438091 -0.28967 -0.100242
1203 -0.337449 -0.106609 -0.0473276
1204 -0.325568 -0.149513 0.0985266
1205 -0.298444 -0.148284 0.0984578
1206 -0.30844 -0.13745 0.0830181
1207 -0.298763 -0.147173 -0.0976396
1208 -0.305043 -0.177594 -0.0985772
1209 -0.339611 -0.236321 -0.0799431
1210 -0.304459 -0.221604 0.0471669
1211 -0.346157 -0.190204 -0.0986656
1212 -0.338408 -0.25646 -0.0726555
1213 -0.426992 -0.302827 -0.0172942
1214 -0.325634 -0.118843 -0.0538751
1215 -0.417601 -0.31302 0.00126633
1216 -0.286381 -0.160934 -0.0982535
1217 -0.291355 -0.15567 -0.0823018
1218 -0.430282 -0.299212 -0.00313627
1219 -0.368575 -0.125349 -0.0978587
1220 -0.34842 -0.116372 0.0985403
1221 -0.320739 -0.221069 0.0997638
1222 -0.321077 -0.122651 -0.0975016
1223 -0.275927 -0.172295 0.0991763
1224 -0.355869 -0.266933 0.100106
1225 -0.36554 -0.288237 -0.0370865
1226 -0.351057 -0.164085 -0.0983441
1227 -0.352138 -0.139017 -0.0979554
1228 -0.334174 -0.22482 -0.0438994
1229 -0.27958 -0.16842 -0.079812
1230 -0.282429 -0.183697 -0.0986301
1231 -0.311548 -0.228542 -0.0467458
1232 -0.448259 -0.27793 -0.100235
1233 -0.458669 -0.266511 -0.10037
1234 -0.266387 -0.182922 -0.0102312
1235 -0.342132 -0.257889 -0.00912095
1236 -0.332294 -0.248296 -0.0393189
1237 -0.346867 -0.265741 0.0163225
1238 -0.343491 -0.100094 0.0981295
1239 -0.340132 -0.250474 -0.099305
1240 -0.271105 -0.177667 -0.0581419
1241 -0.391419 -0.306222 0.100322
1242 -0.322862 -0.245146 0.0761691
1243 -0.275462 -0.172679 -0.0985231
1244 -0.288738 -0.208727 -0.0989088
1245 -0.365537 -0.283617 -0.0119126
1246 -0.253734 -0.19599 -0.0987919
1247 -0.249351 -0.229824 -0.0801432
1248 -0.231755 -0.219872 -0.0990762
1249 -0.240733 -0.21019 -0.0726757
1250 -0.326712 -0.251731 0.0154913
1251 -0.26525 -0.275047 0.0368368
1252 -0.257843 -0.292779 0.0587814
1253 -0.284297 -0.282247 0.0539394
1254 -0.273971 -0.303912 0.0423131
1255 -0.369399 -0.319486 -0.0241094
1256 -0.370551 -0.316344 -0.0561276
1257 -0.358623 -0.341873 -0.0416825
1258 -0.389962 -0.319449 -0.0443893
1259 -0.285543 -0.36036 -0.0112799
1260 -0.310924 -0.344577 0.00450191
1261 -0.325035 -0.365576 -0.00763455
1262 -0.290582 -0.36516 0.0126615
1263 -0.406418 -0.324854 0.0801761
1264 -0.382194 -0.316213 0.0745817
1265 -0.250738 -0.261088 -0.0993236
1266 -0.242778 -0.283037 -0.0683621
1267 -0.230313 -0.279426 -0.0994483
1268 -0.23044 -0.254704 -0.0804512
1269 -0.320347 -0.30033 -0.0708493
1270 -0.330155 -0.272048 -0.09936
1271 -0.314327 -0.272662 -0.0761857
1272 -0.315506 -0.292996 -0.09943
1273 -0.268486 -0.220315 0.0507376
1274 -0.290473 -0.231047 0.0622992
1275 -0.280311 -0.234925 0.0337472
1276 -0.286033 -0.229769 0.099886
1277 -0.301615 -0.238862 0.0753941
1278 -0.270186 -0.231395 0.0785135
1279 -0.246645 -0.26295 0.0370884
1280 -0.252153 -0.290483 0.0179367
1281 -0.226496 -0.276575 0.0182895
1282 -0.237544 -0.286023 0.0451236
1283 -0.256099 -0.331226 0.0502458
1284 -0.235749 -0.311381 0.0668606
1285 -0.272524 -0.310155 0.072979
1286 -0.375462 -0.305151 0.00916986
1287 -0.371418 -0.301833 0.0445853
1288 -0.378872 -0.319504 0.0360854
1289 -0.328002 -0.300153 0.066999
1290 -0.347933 -0.314027 0.0492331
1291 -0.318461 -0.326167 0.0516013
1292 -0.338034 -0.330507 0.0763268
1293 -0.252632 -0.295786 0.0834167
1294 -0.353444 -0.38197 -0.0996187
1295 -0.331866 -0.404665 -0.0996323
1296 -0.332814 -0.376932 -0.0995911
1297 -0.345453 -0.390494 -0.0798963
1298 -0.297043 -0.371378 -0.0460259
1299 -0.307808 -0.34817 -0.0339634
1300 -0.310623 -0.384395 -0.0217577
1301 -0.384978 -0.348126 -0.0705522
1302 -0.389671 -0.343213 -0.0386371
1303 -0.316488 -0.268658 0.0535741
1304 -0.342626 -0.269452 0.0710622
1305 -0.249713 -0.248919 -0.023123
1306 -0.246746 -0.263189 -0.000226965
1307 -0.235765 -0.272474 -0.0315054
1308 -0.228064 -0.253043 -0.0246431
1309 -0.272487 -0.347262 0.0222507
1310 -0.276907 -0.351763 0.0484869
1311 -0.275736 -0.329299 0.051805
1312 -0.292279 -0.341271 0.0373202
1313 -0.353621 -0.310491 -0.0108976
1314 -0.3712 -0.331453 -0.0995886
1315 -0.358719 -0.346803 -0.0764312
1316 -0.371269 -0.322397 -0.0803857
1317 -0.328393 -0.332796 -0.099529
1318 -0.302837 -0.343116 -0.0995078
1319 -0.331666 -0.343703 -0.0816244
1320 -0.319622 -0.360267 -0.0995604
1321 -0.336737 -0.361149 -0.0356354
1322 -0.34918 -0.386744 -0.0228986
1323 -0.362493 -0.372715 -0.0155765
1324 -0.314754 -0.252145 -0.0110402
1325 -0.337265 -0.275479 -0.0283305
1326 -0.306065 -0.274578 -0.0282006
1327 -0.259654 -0.229959 -0.0534345
1328 -0.227239 -0.224757 -0.0602246
1329 -0.356016 -0.306853 0.0776742
1330 -0.335842 -0.288901 0.100148
1331 -0.337939 -0.316158 0.100233
1332 -0.313157 -0.242673 -0.0643536
1333 -0.317098 -0.24826 -0.0992645
1334 -0.295491 -0.25311 -0.0805785
1335 -0.356722 -0.333903 0.100265
1336 -0.308151 -0.283725 0.100104
1337 -0.279792 -0.284398 0.100237
1338 -0.300835 -0.294712 0.0745908
1339 -0.281966 -0.268326 0.0793214
1340 -0.325516 -0.255231 0.100028
1341 -0.285823 -0.245669 -0.0992209
1342 -0.284738 -0.228215 -0.0748407
1343 -0.308594 -0.22724 -0.0991593
1344 -0.271857 -0.311376 -0.0157331
1345 -0.267495 -0.304201 -0.0471687
1346 -0.268654 -0.277407 -0.0215805
1347 -0.246967 -0.295507 -0.03217
1348 -0.355725 -0.325776 0.0261588
1349 -0.382116 -0.351409 0.0141453
1350 -0.378021 -0.326129 0.00298514
1351 -0.348752 -0.347156 -0.00109466
1352 -0.331045 -0.344225 0.100359
1353 -0.359687 -0.34258 0.0808833
1354 -0.349219 -0.334908 -0.0648767
1355 -0.342408 -0.307145 -0.0443832
1356 -0.340445 -0.317887 -0.0724167
1357 -0.28657 -0.254859 -0.0223425
1358 -0.288005 -0.26977 -0.0512749
1359 -0.220293 -0.232191 0.00723254
1360 -0.231214 -0.249296 0.0188269
1361 -0.216752 -0.235903 0.0313486
1362 -0.232886 -0.218923 0.0240707
1363 -0.368909 -0.365707 0.0761832
1364 -0.37515 -0.358945 0.100394
1365 -0.350268 -0.357699 0.10038
1366 -0.307862 -0.266464 0.0198978
1367 -0.309 -0.246252 0.0455426
1368 -0.330039 -0.274879 0.0291655
1369 -0.350272 -0.292588 -0.0731897
1370 -0.350837 -0.324103 -0.0995787
1371 -0.368086 -0.305017 -0.0995887
1372 -0.338371 -0.301952 -0.0994594
1373 -0.295949 -0.256809 0.100073
1374 -0.235566 -0.216027 -0.0446839
1375 -0.24459 -0.242901 0.0715265
1376 -0.273177 -0.252323 0.0517329
1377 -0.258979 -0.267433 0.0693944
1378 -0.262353 -0.218583 0.0197887
1379 -0.272286 -0.246149 0.0125059
1380 -0.259472 -0.246841 0.0240929
1381 -0.282255 -0.289411 0.0229065
1382 -0.288271 -0.26237 0.0303794
1383 -0.265235 -0.251386 -0.0334468
1384 -0.252344 -0.230163 -0.0232447
1385 -0.281093 -0.229229 -0.040853
1386 -0.272419 -0.233117 -0.0166569
1387 -0.314736 -0.271695 0.081646
1388 -0.285209 -0.330506 0.0043035
1389 -0.28259 -0.297509 0.00250339
1390 -0.26519 -0.311621 0.0126724
1391 -0.221582 -0.230672 -0.0786067
1392 -0.240729 -0.247434 -0.0687038
1393 -0.253209 -0.196875 -0.0513051
1394 -0.271114 -0.207358 -0.0678351
1395 -0.260644 -0.215244 -0.036554
1396 -0.329333 -0.347532 0.022183
1397 -0.352347 -0.357622 0.031773
1398 -0.33429 -0.333085 0.0304855
1399 -0.35682 -0.285665 0.056742
1400 -0.267805 -0.288377 -0.0734161
1401 -0.274467 -0.279418 -0.0993771
1402 -0.266323 -0.256296 -0.0756585
1403 -0.282166 -0.199903 0.0995878
1404 -0.224476 -0.299829 0.100467
1405 -0.242154 -0.317263 0.100485
1406 -0.221291 -0.296844 0.0844714
1407 -0.211806 -0.261032 -0.033873
1408 -0.206116 -0.282599 -0.040582
1409 -0.188336 -0.265557 -0.0244864
1410 -0.203941 -0.280526 -0.0190278
1411 -0.344897 -0.291797 0.00885351
1412 -0.332035 -0.306422 0.0318826
1413 -0.328367 -0.318055 0.00304214
1414 -0.300292 -0.308502 0.00173005
1415 -0.310302 -0.32328 0.024863
1416 -0.291399 -0.32117 -0.0400061
1417 -0.264924 -0.340022 -0.0258863
1418 -0.319342 -0.305691 -0.0312666
1419 -0.332958 -0.331725 -0.0218209
1420 -0.326422 -0.334337 -0.0500584
1421 -0.301525 -0.325999 -0.0206856
1422 -0.377071 -0.326793 0.100302
1423 -0.396476 -0.335557 0.100364
1424 -0.2808 -0.31608 0.0273337
1425 -0.256344 -0.302046 0.0339971
1426 -0.247206 -0.322654 0.0228654
1427 -0.215134 -0.237495 -0.0595639
1428 -0.224192 -0.260038 -0.0527186
1429 -0.211464 -0.241415 -0.0383764
1430 -0.222848 -0.22945 -0.0446645
1431 -0.311053 -0.321771 -0.0554456
1432 -0.286787 -0.336825 -0.0553563
1433 -0.307678 -0.347849 -0.0674404
1434 -0.250522 -0.199832 0.0106689
1435 -0.265743 -0.211045 -0.0114268
1436 -0.401653 -0.33012 -0.0581165
1437 -0.244588 -0.239408 0.0446167
1438 -0.239776 -0.211068 0.0667003
1439 -0.296551 -0.278029 -0.000318799
1440 -0.315219 -0.292304 0.0107781
1441 -0.315488 -0.36378 0.100419
1442 -0.313827 -0.387179 0.0852033
1443 -0.295892 -0.369986 0.10044
1444 -0.313997 -0.387277 0.100475
1445 -0.232191 -0.269343 0.0722448
1446 -0.213321 -0.289322 0.0609679
1447 -0.201557 -0.277914 0.0786482
1448 -0.337578 -0.293223 -0.0148157
1449 -0.339311 -0.283418 0.0450523
1450 -0.314294 -0.387946 -0.0647435
1451 -0.335167 -0.363357 -0.0663792
1452 -0.29733 -0.371701 -0.0762456
1453 -0.332011 -0.404755 -0.0246343
1454 -0.321175 -0.394434 -0.00953919
1455 -0.225218 -0.227009 -0.0211371
1456 -0.205272 -0.247943 -0.0137251
1457 -0.233497 -0.244281 -0.0061718
1458 -0.302986 -0.272025 -0.0993219
1459 -0.279869 -0.203193 -0.0339375
1460 -0.235484 -0.24252 -0.0992327
1461 -0.223447 -0.299281 -0.0268195
1462 -0.222109 -0.297957 -0.0507725
1463 -0.362186 -0.372829 -0.0739981
1464 -0.234746 -0.310554 -0.0701506
1465 -0.236451 -0.312265 -0.0450343
1466 -0.364953 -0.370102 0.00495407
1467 -0.377285 -0.356977 -0.0148692
1468 -0.292879 -0.21785 -0.0545675
1469 -0.356289 -0.292919 0.0322168
1470 -0.362737 -0.372349 0.0556121
1471 -0.365975 -0.334479 0.0582309
1472 -0.374953 -0.359175 -0.0996465
1473 -0.347089 -0.352305 -0.099569
1474 -0.26317 -0.250906 -0.00743988
1475 -0.263677 -0.185788 -0.0353325
1476 -0.310524 -0.316517 -0.0994448
1477 -0.320924 -0.323474 -0.0803145
1478 -0.250797 -0.2326 0.00117613
1479 -0.235344 -0.216311 0.00107153
1480 -0.25874 -0.227985 -0.0990787
1481 -0.320533 -0.370817 0.0835312
1482 -0.314931 -0.352409 0.0723702
1483 -0.342122 -0.360713 0.0789969
1484 -0.382905 -0.350565 0.047602
1485 -0.227561 -0.224469 0.048601
1486 -0.220242 -0.232095 0.0745585
1487 -0.210046 -0.242871 0.0534538
1488 -0.299327 -0.29467 -0.0518018
1489 -0.294606 -0.31049 -0.0731082
1490 -0.290328 -0.286495 -0.080065
1491 -0.277884 -0.3525 0.100452
1492 -0.30461 -0.345062 0.100387
1493 -0.295425 -0.36964 0.0778521
1494 -0.322506 -0.275306 -0.0508005
1495 -0.305616 -0.247105 -0.0374465
1496 -0.259774 -0.189768 0.0578851
1497 -0.251531 -0.198332 0.0804211
1498 -0.323177 -0.2707 -0.000629725
1499 -0.311679 -0.294258 -0.0146332
1500 -0.281884 -0.356599 0.0686121
1501 -0.294468 -0.368804 0.0539227
1502 -0.363459 -0.302099 0.10022
1503 -0.314562 -0.3233 0.08178
1504 -0.248137 -0.29083 -0.0994297
1505 -0.30541 -0.294522 0.0353256
1506 -0.295675 -0.370072 -0.0995346
1507 -0.277699 -0.35249 -0.0995005
1508 -0.283817 -0.358617 -0.0838349
1509 -0.291436 -0.29714 -0.0249751
1510 -0.237862 -0.241449 -0.0414888
1511 -0.298764 -0.25982 0.0649229
1512 -0.329565 -0.371381 0.0528659
1513 -0.340147 -0.345051 0.0522668
1514 -0.220678 -0.268508 -0.00697987
1515 -0.31377 -0.387406 -0.0995732
1516 -0.367599 -0.367206 -0.0418258
1517 -0.210052 -0.28624 -0.0693414
1518 -0.224361 -0.29989 -0.099515
1519 -0.188342 -0.26547 -0.0494755
1520 -0.188366 -0.265371 -0.0744732
1521 -0.201335 -0.251941 -0.0559828
1522 -0.311831 -0.351679 0.0386126
1523 -0.300697 -0.237865 0.021226
1524 -0.25663 -0.331612 0.0806539
1525 -0.259987 -0.334799 0.10045
1526 -0.264701 -0.307646 0.100388
1527 -0.243899 -0.261408 0.100257
1528 -0.246123 -0.241754 0.100109
1529 -0.266472 -0.254815 0.100102
1530 -0.332734 -0.372565 0.100422
1531 -0.292674 -0.299479 -0.0994199
1532 -0.267089 -0.3081 -0.0994739
1533 -0.20435 -0.248715 -0.07797
1534 -0.285995 -0.244448 -0.0529864
1535 -0.296267 -0.313414 0.053337
1536 -0.289948 -0.336599 0.0708776
1537 -0.202248 -0.25109 0.0355392
1538 -0.203968 -0.249296 0.0146242
1539 -0.252419 -0.327755 -0.0795138
1540 -0.241932 -0.317441 -0.0995261
1541 -0.267705 -0.313429 -0.0792134
1542 -0.346306 -0.389683 -0.0523052
1543 -0.235349 -0.311245 -0.00157827
1544 -0.247703 -0.293336 -0.00657154
1545 -0.245967 -0.32157 -0.0257655
1546 -0.201434 -0.251823 0.0761727
1547 -0.261276 -0.222377 0.0998597
1548 -0.246842 -0.203867 0.039241
1549 -0.32842 -0.373192 0.0168543
1550 -0.332039 -0.404751 0.000444499
1551 -0.351807 -0.383995 -0.00324709
1552 -0.20643 -0.282544 -0.0995072
1553 -0.332104 -0.404657 0.0505345
1554 -0.312052 -0.385631 0.0383793
1555 -0.34824 -0.387702 0.0427348
1556 -0.257486 -0.33275 -0.0529284
1557 -0.36538 -0.369588 0.0311681
1558 -0.292327 -0.335379 -0.0794288
1559 -0.279951 -0.3549 -0.0633193
1560 -0.268365 -0.343311 -0.0797066
1561 -0.220175 -0.263655 0.0479371
1562 -0.316847 -0.325038 0.100298
1563 -0.318698 -0.305594 0.100272
1564 -0.22359 -0.299662 0.0236068
1565 -0.206781 -0.283195 0.0374607
1566 -0.223318 -0.299006 0.0464755
1567 -0.38942 -0.343308 0.0763618
1568 -0.306096 -0.235891 0.0999047
1569 -0.313146 -0.362521 -0.0510014
1570 -0.256594 -0.265438 -0.0485933
1571 -0.269166 -0.34384 0.0685269
1572 -0.270038 -0.270347 0.00809411
1573 -0.316261 -0.389814 -0.0421805
1574 -0.331975 -0.404731 -0.0496441
1575 -0.312422 -0.385924 0.0629877
1576 -0.401916 -0.329995 0.0240036
1577 -0.188372 -0.265603 0.000468152
1578 -0.203928 -0.280503 0.0171612
1579 -0.220665 -0.262301 -0.0993858
1580 -0.291322 -0.316993 0.100316
1581 -0.213124 -0.289344 -0.0012158
1582 -0.309805 -0.383579 0.00801863
1583 -0.188371 -0.265546 0.0254547
1584 -0.24734 -0.203392 -0.0209078
1585 -0.210088 -0.242653 -0.0992956
1586 -0.404019 -0.327453 -0.0792929
1587 -0.24987 -0.285789 0.100351
1588 -0.227662 -0.27416 0.100356
1589 -0.212312 -0.263171 0.100354
1590 -0.22857 -0.250628 0.100252
1591 -0.237004 -0.312651 0.0422926
1592 -0.295998 -0.249253 0.0027211
1593 -0.40513 -0.326414 0.0553918
1594 -0.231791 -0.219817 0.100018
1595 -0.389666 -0.314532 -0.0996726
1596 -0.29263 -0.367063 0.030665
1597 -0.396611 -0.335741 -0.00843778
1598 -0.258742 -0.333943 -0.00259822
1599 -0.280904 -0.223694 0.00615801
1600 -0.347286 -0.388655 0.0726912
1601 -0.33212 -0.404585 0.0755176
1602 -0.188403 -0.265264 -0.0994648
1603 -0.254091 -0.195624 0.0996825
1604 -0.276991 -0.351967 -0.0393616
1605 -0.285124 -0.325999 -0.0994723
1606 -0.300963 -0.215004 0.0996432
1607 -0.332082 -0.40474 0.025455
1608 -0.20654 -0.282506 0.100469
1609 -0.33192 -0.404695 -0.074646
1610 -0.210174 -0.242618 0.10026
1611 -0.188415 -0.265471 0.0504528
1612 -0.349133 -0.386781 0.0168894
1613 -0.188535 -0.265219 0.100432
1614 -0.396322 -0.335713 -0.0996839
1615 -0.198937 -0.254482 -0.03635
1616 -0.259812 -0.334905 -0.0995235
1617 -0.261511 -0.187742 -0.0768568
1618 -0.188462 -0.26534 0.0754402
1619 -0.332113 -0.404499 0.100504
1620 -0.353677 -0.381805 0.100443
1621 -0.199741 -0.263325 -0.0418969
1622 -0.203564 -0.266208 -0.0488186
1623 -0.199198 -0.275859 -0.0594067
1624 -0.261435 -0.248992 0.00731409
1625 -0.248526 -0.248366 0.00042867
1626 -0.252644 -0.255582 0.0110774
1627 -0.263293 -0.252667 0.00814764
1628 -0.266779 -0.260427 0.000339886
1629 -0.301289 -0.358362 0.0257431
1630 -0.292493 -0.354144 0.034029
1631 -0.310527 -0.370133 0.0237565
1632 -0.302788 -0.376829 0.0172777
1633 -0.210807 -0.25772 0.0620403
1634 -0.216929 -0.260649 0.074193
1635 -0.215007 -0.251241 0.0882088
1636 -0.208275 -0.258964 0.091381
1637 -0.199359 -0.253923 0.100348
1638 -0.215219 -0.237356 0.0874194
1639 -0.274505 -0.335497 0.0862043
1640 -0.269606 -0.326169 0.0879978
1641 -0.2693 -0.33337 0.0769612
1642 -0.270279 -0.33255 0.0700278
1643 -0.277799 -0.337947 -0.0431451
1644 -0.267263 -0.342254 -0.0461744
1645 -0.282499 -0.340113 -0.0396532
1646 -0.330557 -0.387924 0.0789454
1647 -0.322284 -0.395254 0.0692497
1648 -0.329464 -0.359452 0.037495
1649 -0.31719 -0.292781 0.0929601
1650 -0.304585 -0.289703 0.0873881
1651 -0.406373 -0.314651 -0.056461
1652 -0.395054 -0.318759 -0.0649567
1653 -0.364753 -0.331748 -0.066216
1654 -0.359432 -0.329369 -0.0720165
1655 -0.354877 -0.317073 -0.0645993
1656 -0.397813 -0.319587 0.00212943
1657 -0.393615 -0.318847 -0.011912
1658 -0.323654 -0.233785 -0.0540884
1659 -0.334359 -0.233852 -0.0525736
1660 -0.284248 -0.186842 -0.0675641
1661 -0.278702 -0.197329 -0.0605893
1662 -0.332162 -0.358243 -0.0894857
1663 -0.331728 -0.356738 -0.099558
1664 -0.240286 -0.284867 0.0918981
1665 -0.311882 -0.373454 -0.0363873
1666 -0.323325 -0.373082 -0.028519
1667 -0.309274 -0.367075 -0.0276126
1668 -0.291282 -0.365842 -0.0286674
1669 -0.302522 -0.376621 -0.0362416
1670 -0.3289 -0.385517 -0.0222369
1671 -0.33135 -0.391638 -0.0143582
1672 -0.335382 -0.374631 -0.014128
1673 -0.338943 -0.39749 -0.00891807
1674 -0.303092 -0.358011 -0.058196
1675 -0.292637 -0.3557 0.0608192
1676 -0.291578 -0.355402 0.0697146
1677 -0.370156 -0.309251 0.0345853
1678 -0.372607 -0.302785 0.0342676
1679 -0.348735 -0.374724 -0.0857145
1680 -0.316952 -0.374104 -0.082145
1681 -0.305042 -0.379062 -0.0871955
1682 -0.269374 -0.323122 0.0379398
1683 -0.266671 -0.315087 0.045552
1684 -0.256238 -0.313871 0.0405699
1685 -0.274132 -0.338293 0.0370127
1686 -0.313914 -0.330324 -0.035357
1687 -0.342744 -0.336743 0.0241964
1688 -0.338119 -0.336816 0.0220951
1689 -0.328855 -0.332797 0.012608
1690 -0.334636 -0.148365 0.0916224
1691 -0.342313 -0.151093 0.0859012
1692 -0.331828 -0.157357 0.0909574
1693 -0.328278 -0.161132 0.0811143
1694 -0.323143 -0.161832 0.0924072
1695 -0.315658 -0.157994 0.0984007
1696 -0.31037 -0.149261 0.0916211
1697 -0.316158 -0.142957 0.0898374
1698 -0.309362 -0.136443 0.0982466
1699 -0.30929 -0.151383 0.0809437
1700 -0.314987 -0.163831 0.0840626
1701 -0.314822 -0.143045 0.0757753
1702 -0.322674 -0.13636 0.0800258
1703 -0.331882 -0.131828 0.0851185
1704 -0.331936 -0.137989 0.0928413
1705 -0.4282 -0.187178 0.0610518
1706 -0.429313 -0.187013 0.0642364
1707 -0.443291 -0.190847 0.0634505
1708 -0.453242 -0.20348 0.0582306
1709 -0.462923 -0.203073 0.0641877
1710 -0.458379 -0.210552 0.0751051
1711 -0.354918 -0.0973913 0.069884
1712 -0.368333 -0.104778 0.0663909
1713 -0.379548 -0.112465 0.062233
1714 -0.350013 -0.0935089 0.0739388
1715 -0.284697 -0.170498 -0.0983939
1716 -0.289364 -0.177184 -0.0894438
1717 -0.280887 -0.175506 -0.0885076
1718 -0.458517 -0.251999 0.0643912
1719 -0.457324 -0.249707 0.0761651
1720 -0.368528 -0.135231 -0.0863275
1721 -0.355504 -0.141721 -0.078078
1722 -0.37676 -0.138479 -0.0980389
1723 -0.278672 -0.169498 0.089046
1724 -0.402424 -0.208495 -0.0891761
1725 -0.405703 -0.202961 -0.0993547
1726 -0.417944 -0.188549 0.0484318
1727 -0.444565 -0.265919 0.0631821
1728 -0.452097 -0.274134 0.0617449
1729 -0.359065 -0.177007 0.0891479
1730 -0.365351 -0.178633 0.0994974
1731 -0.354196 -0.163318 0.0818709
1732 -0.390355 -0.271398 0.022624
1733 -0.396632 -0.261422 0.025355
1734 -0.46425 -0.230623 -0.0935202
1735 -0.455927 -0.224946 -0.0855982
1736 -0.409229 -0.191799 0.0735977
1737 -0.368574 -0.0924167 -0.0380012
1738 -0.378683 -0.0816775 -0.0350974
1739 -0.318019 -0.142629 -0.074906
1740 -0.324672 -0.13395 -0.0719342
1741 -0.3502 -0.225056 0.0210209
1742 -0.338476 -0.23066 0.0167067
1743 -0.335009 -0.224175 0.00522631
1744 -0.338265 -0.233309 -0.0085136
1745 -0.327341 -0.231385 -0.0103623
1746 -0.312094 -0.235123 -0.00321279
1747 -0.355865 -0.218148 0.014398
1748 -0.466009 -0.20566 -0.0883252
1749 -0.464405 -0.200949 -0.100294
1750 -0.488614 -0.234156 -0.0911043
1751 -0.296806 -0.171614 -0.0450555
1752 -0.567472 -0.153088 0.091498
1753 -0.559288 -0.146237 0.0918298
1754 -0.556073 -0.14159 0.103788
1755 -0.549252 -0.148666 0.0889743
1756 -0.541209 -0.156654 0.0958491
1757 -0.534831 -0.151144 0.0959553
1758 -0.457314 -0.0164225 0.0254398
1759 -0.450603 -0.0226907 0.019256
1760 -0.44152 -0.0263071 0.0160494
1761 -0.426011 -0.0223449 0.01494
1762 -0.435089 -0.0244198 0.0247767
1763 -0.454662 -0.0140813 0.0320026
1764 -0.434863 -0.0331043 0.0588137
1765 -0.425468 -0.0311918 0.0565113
1766 -0.553104 -0.168227 -0.0249371
1767 -0.54722 -0.159905 -0.0254347
1768 -0.555923 -0.146413 -0.0387721
1769 -0.549544 -0.15681 -0.0454998
1770 -0.554053 -0.165924 -0.0480185
1771 -0.450108 -0.0130687 0.0682691
1772 -0.563092 -0.143303 -0.0862528
1773 -0.566844 -0.152561 -0.0893361
1774 -0.567364 -0.135008 -0.0845844
1775 -0.475579 -0.0449315 0.0304442
1776 -0.466739 -0.0617643 0.0321047
1777 -0.472541 -0.0720167 0.0289228
1778 -0.418823 -0.0395278 0.0665131
1779 -0.40839 -0.036537 0.0632968
1780 -0.56013 -0.148336 -0.005867
1781 -0.565286 -0.155723 0.00543689
1782 -0.567475 -0.154099 -0.00653261
1783 -0.566036 -0.145645 -0.0130184
1784 -0.549907 -0.140599 -9.15136e-05
1785 -0.411024 -0.113296 0.0599471
1786 -0.529269 -0.0999222 -0.0280577
1787 -0.530557 -0.104927 -0.0366721
1788 -0.516202 -0.134117 -0.0701358
1789 -0.515903 -0.137747 -0.0795383
1790 -0.471638 -0.187779 0.0840952
1791 -0.432001 -0.10699 0.0873988
1792 -0.538743 -0.124205 0.0909185
1793 -0.435466 -0.02448 0.0814098
1794 -0.445524 -0.0482688 -0.0218108
1795 -0.545655 -0.146743 0.061385
1796 -0.547371 -0.147843 0.046013
1797 -0.475078 -0.0334272 -0.0367195
1798 -0.467968 -0.0264998 -0.0322279
1799 -0.391878 -0.0777592 -0.0869803
1800 -0.388607 -0.0821795 -0.0965901
1801 -0.63737 -0.038904 -0.0410536
1802 -0.635638 -0.0486404 -0.0320665
1803 -0.62659 -0.0406618 -0.0226526
1804 -0.626731 -0.0399395 -0.00979665
1805 -0.63482 -0.0370803 -0.0437172
1806 -0.630234 -0.0337674 -0.0597807
1807 -0.633899 -0.0445975 -0.0520042
1808 -0.636807 -0.052836 -0.0576339
1809 -0.634149 -0.0306625 -0.0713591
1810 -0.646235 0.1 0.0260099
1811 -0.620989 0.0885853 0.0278814
1812 -0.57493 -0.120642 0.00375187
1813 -0.572237 -0.117585 0.00433127
1814 -0.629838 0.065408 -0.00333863
1815 -0.62494 0.0706073 -0.0138676
1816 -0.624193 0.0821239 -0.0075055
1817 -0.629454 0.0500627 -0.00362181
1818 -0.512616 0.0306351 0.00115579
1819 -0.517682 0.0343205 -0.00786091
1820 -0.544878 0.0437051 -0.0182174
1821 -0.554001 0.0513179 -0.0128445
1822 -0.59184 -0.106711 -0.0720887
1823 -0.575552 0.0362247 0.00186484
1824 -0.583984 0.0438935 0.0133302
1825 -0.601359 0.0490477 0.0153978
1826 -0.601093 0.0418383 0.0296689
1827 -0.517613 0.0152766 -0.0868199
1828 -0.51954 0.0121818 -0.0948364
1829 -0.504334 0.0177024 -0.0849512
1830 -0.604858 -0.0723471 0.0263708
1831 -0.594471 -0.0795113 0.0217051
1832 -0.604156 -0.100526 -0.0945205
1833 -0.601809 -0.111705 -0.0921881
1834 -0.590335 -0.115139 -0.0906954
1835 -0.60435 -0.0859809 -0.088958
1836 -0.603239 -0.0817667 -0.0939103
1837 -0.6085 -0.0733535 -0.0891911
1838 -0.547385 -0.0490432 0.0518928
1839 -0.56091 -0.043971 0.058704
1840 -0.559511 -0.0397886 0.0479788
1841 -0.57076 -0.0543558 0.0452242
1842 -0.564229 -0.0602683 0.0584671
1843 -0.550667 -0.0562786 0.0625187
1844 -0.562382 -0.070692 0.0493501
1845 -0.563836 -0.065737 0.0359343
1846 -0.545666 -0.0746715 0.0412648
1847 -0.542676 -0.0704854 0.0504064
1848 -0.551328 -0.0530045 0.0365681
1849 -0.529702 0.0323795 -0.0869595
1850 -0.625813 0.078726 0.0842327
1851 -0.628327 -0.100951 0.0864108
1852 -0.626152 -0.111552 0.0949897
1853 -0.620809 -0.0922011 0.0829003
1854 -0.609733 -0.09195 0.0864887
1855 -0.611186 -0.0782904 0.0923168
1856 -0.627145 -0.0805956 0.0896646
1857 -0.635738 -0.0804342 0.0926661
1858 -0.644904 -0.0832553 0.0768868
1859 -0.642795 -0.0755794 0.0621147
1860 -0.631497 -0.0697601 0.057226
1861 -0.630215 -0.058924 0.0560365
1862 -0.641101 -0.0629368 0.0600936
1863 -0.644852 -0.0718285 0.0907511
1864 -0.641902 -0.0585531 0.0893591
1865 -0.629951 -0.0562524 0.0892076
1866 -0.626706 -0.0528549 0.0754709
1867 -0.630412 -0.0897561 0.083837
1868 -0.585628 -0.11634 0.0779811
1869 -0.590283 -0.103266 0.0867839
1870 -0.606837 -0.0107588 -0.0877009
1871 -0.6082 -0.00801964 -0.09971
1872 -0.592941 -0.0103572 -0.0849981
1873 -0.582102 -0.0244778 -0.08789
1874 -0.588015 -0.11582 0.023595
1875 -0.560741 0.0615661 -0.0873109
1876 -0.562626 0.0603188 -0.0812345
1877 -0.62895 -0.0542822 0.0126819
1878 -0.638346 -0.0621406 0.0133393
1879 -0.629001 0.072485 -0.0805759
1880 -0.628065 0.0856833 -0.0826543
1881 -0.621567 0.089848 -0.0892195
1882 -0.585786 0.0208814 -0.0743093
1883 -0.555641 -0.0935866 0.0903335
1884 -0.312948 -0.17438 -0.0311333
1885 -0.422149 -0.269797 0.0378358
1886 -0.357161 -0.156312 -0.00237872
1887 -0.449213 -0.0636603 0.0669268
1888 -0.373261 -0.285073 -0.0543554
1889 -0.363014 -0.352078 -0.00793341
1890 -0.367603 -0.354248 0.0396928
1891 -0.389085 -0.269837 -0.085629
1892 -0.589214 -0.111284 0.039343
1893 -0.438421 -0.273124 0.0393925
1894 -0.262445 -0.20164 -0.0833017
1895 -0.309635 -0.205509 -0.0160614
1896 -0.366251 -0.274586 0.0861795
1897 -0.376461 -0.268523 0.0895196
1898 -0.368554 -0.236264 0.00211443
1899 -0.425986 -0.287384 0.0611164
1900 -0.469206 -0.240321 -0.0456083
1901 -0.602169 0.0256509 -0.0479026
1902 -0.611092 0.0376058 -0.0409799
1903 -0.371607 -0.275921 -0.0855334
1904 -0.27769 -0.287429 -0.0492359
1905 -0.526803 -0.116819 0.0167794
1906 -0.617006 0.0111056 0.00995622
1907 -0.559767 0.00255992 0.0843022
1908 -0.61338 0.0772983 0.0529069
1909 -0.349603 -0.366945 -0.0256503
1910 -0.334272 -0.26423 -0.0860234
1911 -0.351257 -0.329095 -0.00599201
1912 -0.563812 -0.0986909 0.103314
1913 -0.505896 -0.20262 0.0144949
1914 -0.498846 -0.202501 -0.00151684
1915 -0.365384 -0.349553 0.00651685
1916 -0.634926 -0.0160554 0.0588949
1917 -0.581601 -0.0773753 -0.0601261
1918 -0.280116 -0.192613 0.0254322
1919 -0.377077 -0.21032 0.0432657
