1 0.527956 -0.230773 0.136438
2 0.371592 -0.245495 0.127286
3 0.333291 -0.331119 0.0729964
4 0.312845 -0.327379 0.00179041
5 0.332116 -0.329419 -0.0699377
6 0.322703 -0.250046 -0.0703456
7 0.372963 -0.244185 -0.12487
8 0.458794 -0.320831 -0.151245
9 0.527433 -0.227797 -0.134016
10 0.594545 -0.310533 -0.0794392
11 0.588714 -0.223966 0.0818665
12 0.571727 -0.136238 0.0818148
13 0.447832 -0.241324 0.152305
14 0.315187 -0.172302 0.0712013
15 0.321184 -0.253551 0.0732689
16 0.304099 -0.254662 0.00151618
17 0.309604 -0.177513 -0.0703328
18 0.361176 -0.166561 -0.125217
19 0.436162 -0.156405 -0.147923
20 0.447551 -0.238125 -0.150092
21 0.513549 -0.143487 -0.131464
22 0.589204 -0.221472 -0.0772829
23 0.611695 -0.220663 0.00243367
24 0.593569 -0.131393 0.00290714
25 0.513258 -0.14562 0.135979
26 0.423621 -0.0731777 0.15364
27 0.436873 -0.157551 0.153464
28 0.360294 -0.16707 0.127391
29 0.294322 -0.0932825 0.0716303
30 0.276858 -0.100444 0.000974311
31 0.296886 -0.175868 0.00287677
32 0.298252 -0.100742 -0.0685953
33 0.562426 -0.0442995 -0.0759498
34 0.572602 -0.133756 -0.0763649
35 0.543214 0.0474851 0.0807444
36 0.563207 -0.0450207 0.0829193
37 0.483217 0.0284778 0.134989
38 0.502802 -0.0567641 0.138368
39 0.405007 0.0103009 0.153024
40 0.347843 -0.0879387 0.125944
41 0.276327 -0.0191076 0.0741893
42 0.259255 -0.0234724 0.0016076
43 0.348177 -0.0887307 -0.124263
44 0.423521 -0.0736445 -0.147327
45 0.500686 -0.0569248 -0.133476
46 0.545141 0.0459142 -0.0762112
47 0.565993 0.0530918 0.00250041
48 0.584766 -0.0397154 0.00430655
49 0.38342 0.0979482 0.152407
50 0.328893 -0.00601768 0.129042
51 0.282121 -0.0197963 -0.0681983
52 0.330438 -0.00923272 -0.124147
53 0.38523 0.0968178 -0.146924
54 0.405154 0.0107729 -0.149585
55 0.484856 0.0309293 -0.132104
56 0.462588 0.124744 -0.129957
57 0.52179 0.142109 -0.075585
58 0.543569 0.152176 0.00265057
59 0.491146 0.243509 0.0793797
60 0.522377 0.144411 0.0814966
61 0.462886 0.122437 0.13504
62 0.357014 0.186467 0.152889
63 0.284579 0.155135 0.130151
64 0.309118 0.0732908 0.129543
65 0.257266 0.0561188 0.0725917
66 0.239443 0.0500047 0.00171765
67 0.256858 0.0576472 -0.0691089
68 0.310436 0.0718499 -0.124704
69 0.490543 0.245725 -0.0747683
70 0.511547 0.252035 0.00243906
71 0.433871 0.220589 0.134817
72 0.320627 0.275629 0.152633
73 0.231315 0.131901 0.0749932
74 0.212895 0.124333 0.00238084
75 0.184837 0.193674 0.00175932
76 0.231046 0.132611 -0.0717174
77 0.284957 0.154566 -0.1273
78 0.253785 0.234231 -0.128494
79 0.322851 0.275497 -0.148636
80 0.358174 0.185308 -0.148344
81 0.394829 0.31463 -0.128463
82 0.433029 0.220249 -0.130022
83 0.446713 0.344076 -0.07248
84 0.465862 0.354672 0.00317643
85 0.444936 0.34383 0.0780537
86 0.392619 0.313723 0.132589
87 0.274782 0.360541 0.152036
88 0.212351 0.309406 0.133437
89 0.251775 0.234587 0.131719
90 0.167574 0.271263 0.0794357
91 0.202351 0.204391 0.07638
92 0.170086 0.272235 -0.0767116
93 0.202888 0.204631 -0.0738412
94 0.21534 0.310097 -0.131154
95 0.389763 0.444885 -0.0721396
96 0.403256 0.457953 0.0025474
97 0.313142 0.537584 0.0752332
98 0.386669 0.444562 0.0769048
99 0.339492 0.409622 0.131696
100 0.165196 0.37894 0.132366
101 0.127772 0.333825 0.0771
102 0.153366 0.257248 0.00140281
103 0.167551 0.380368 -0.132505
104 0.221651 0.4392 -0.151075
105 0.277363 0.360511 -0.149274
106 0.342048 0.409805 -0.127976
107 0.327729 0.553488 0.00157351
108 0.27162 0.497321 0.130935
109 0.15189 0.505177 0.150706
110 0.21925 0.439569 0.151514
111 0.110794 0.436712 0.13481
112 0.0813004 0.381731 0.0788081
113 0.0762264 0.356403 -0.0019275
114 0.116228 0.316218 0.000285357
115 0.130639 0.334027 -0.0764849
116 0.275396 0.496596 -0.128985
117 0.216065 0.615017 -0.0666811
118 0.316772 0.536877 -0.0723689
119 0.227641 0.631076 0.000188326
120 0.213925 0.615443 0.0670057
121 0.189897 0.572707 0.124197
122 0.0750987 0.554805 0.149644
123 0.0413893 0.413974 0.0806522
124 0.0406206 0.419357 -0.0814172
125 0.0854563 0.376297 -0.0842772
126 0.114704 0.433125 -0.138492
127 0.153936 0.507957 -0.152253
128 0.0983368 0.630225 -0.125148
129 0.193891 0.573614 -0.12286
130 0.111606 0.684163 -0.0681401
131 0.111228 0.683398 0.0671707
132 0.0983037 0.628879 0.124462
133 -0.000321997 0.65544 0.118062
134 -0.00333511 0.576323 0.150007
135 -0.00603858 0.492133 0.130736
136 -0.00860527 0.42494 0.0815939
137 0.0551734 0.478847 0.1375
138 -0.00694931 0.401036 -0.00208019
139 0.0339438 0.396321 -0.00303626
140 -0.0100416 0.427732 -0.0843818
141 0.0582191 0.479277 -0.135655
142 -0.00297063 0.576666 -0.149545
143 0.0786559 0.558027 -0.151838
144 0.00102385 0.718646 -0.0685289
145 0.113627 0.716234 0.000292343
146 -4.0159e-05 0.743725 8.75404e-05
147 0.00152704 0.718234 0.0679877
148 -0.0813035 0.55414 0.151637
149 -0.0661212 0.472918 0.133172
150 -0.0488669 0.41486 0.0812912
151 -0.0500454 0.416668 -0.0849734
152 -0.00433927 0.49576 -0.137469
153 -0.00262459 0.655562 -0.119214
154 -0.115864 0.683411 -0.063278
155 -0.116494 0.714785 0.000263941
156 -0.23088 0.640958 0.000994386
157 -0.225638 0.620078 0.0703262
158 -0.115418 0.682987 0.0625713
159 -0.100871 0.63175 0.121494
160 -0.1969 0.572114 0.12482
161 -0.0930567 0.379647 0.0787715
162 -0.0810228 0.358622 -0.00255748
163 -0.0427566 0.389388 -0.00233979
164 -0.124227 0.440495 -0.140815
165 -0.0669579 0.473956 -0.135998
166 -0.19803 0.57371 -0.124868
167 -0.0828355 0.554899 -0.152727
168 -0.10399 0.63228 -0.122973
169 -0.317816 0.539951 0.0713158
170 -0.281116 0.500587 0.129816
171 -0.225949 0.442084 0.150447
172 -0.1578 0.505755 0.148579
173 -0.172197 0.381497 0.132268
174 -0.133682 0.336167 0.0790724
175 -0.121584 0.438175 0.138469
176 -0.093926 0.381837 -0.081427
177 -0.23036 0.443549 -0.151863
178 -0.159182 0.508651 -0.14893
179 -0.281041 0.500242 -0.128279
180 -0.225399 0.620548 -0.0687616
181 -0.330565 0.553177 0.000645575
182 -0.413087 0.461044 0.00105356
183 -0.348111 0.410883 0.129515
184 -0.282621 0.362565 0.150418
185 -0.173574 0.274389 0.076549
186 -0.121339 0.313249 1.98119e-05
187 -0.133441 0.333466 -0.0813304
188 -0.17361 0.383226 -0.133272
189 -0.286138 0.364724 -0.150655
190 -0.352036 0.413282 -0.128687
191 -0.398529 0.448261 -0.0735554
192 -0.317507 0.539996 -0.0691431
193 -0.475342 0.355774 0.00151039
194 -0.396372 0.447297 0.0753219
195 -0.401513 0.315717 0.131946
196 -0.218406 0.312637 0.133098
197 -0.207484 0.206669 0.074103
198 -0.15517 0.261715 -0.000133118
199 -0.188989 0.19704 -0.000611882
200 -0.17205 0.277214 -0.0768229
201 -0.258444 0.238119 -0.130515
202 -0.220082 0.315137 -0.130947
203 -0.329787 0.278264 -0.149852
204 -0.402961 0.317819 -0.129316
205 -0.455023 0.345981 -0.0731632
206 -0.454396 0.345054 0.0762433
207 -0.441395 0.219047 0.132684
208 -0.364925 0.186998 0.152063
209 -0.329174 0.276956 0.152587
210 -0.257662 0.237323 0.130218
211 -0.289755 0.157262 0.128244
212 -0.236662 0.134984 0.0741386
213 -0.216855 0.127619 -0.000750882
214 -0.235143 0.135789 -0.0748438
215 -0.206007 0.209198 -0.075479
216 -0.289206 0.156884 -0.128498
217 -0.364179 0.188318 -0.149389
218 -0.443222 0.219951 -0.130242
219 -0.499624 0.242353 -0.0748014
220 -0.520456 0.251948 0.00129552
221 -0.49824 0.24347 0.0780539
222 -0.243082 0.0539205 -0.00152869
223 -0.261671 0.0561603 -0.0704479
224 -0.31498 0.0758014 -0.126813
225 -0.469773 0.125821 -0.133837
226 -0.530065 0.142567 -0.0776989
227 -0.550566 0.149739 0.000651424
228 -0.548959 0.0479649 0.0798024
229 -0.527763 0.143593 0.0789313
230 -0.490683 0.0296496 0.134355
231 -0.468451 0.12066 0.134026
232 -0.392109 0.0973762 0.150753
233 -0.314536 0.0748572 0.126826
234 -0.282504 -0.0188838 0.0711662
235 -0.261243 0.0573481 0.0698344
236 -0.26402 -0.0251014 -0.000422416
237 -0.283245 -0.020567 -0.0705226
238 -0.409835 0.0118454 -0.151075
239 -0.390756 0.101276 -0.149588
240 -0.565443 -0.0467763 0.0808021
241 -0.571682 0.051476 0.000834748
242 -0.409959 0.00695835 0.150174
243 -0.351179 -0.0911598 0.12534
244 -0.336805 -0.00696929 0.124753
245 -0.280033 -0.0995899 0.000383279
246 -0.298329 -0.100677 -0.070558
247 -0.335986 -0.00626209 -0.125018
248 -0.50409 -0.0605007 -0.131324
249 -0.488492 0.0313688 -0.134228
250 -0.549143 0.0443485 -0.0782534
251 -0.588477 -0.0398448 0.000271553
252 -0.518728 -0.145856 0.134366
253 -0.507267 -0.0585133 0.133972
254 -0.426515 -0.0757145 0.150249
255 -0.438003 -0.157545 0.151404
256 -0.360461 -0.169038 0.124487
257 -0.312936 -0.178688 0.0705595
258 -0.296926 -0.0959702 0.0693467
259 -0.363903 -0.169591 -0.12212
260 -0.350945 -0.0896289 -0.125777
261 -0.426283 -0.0740953 -0.150791
262 -0.56519 -0.0476504 -0.0806466
263 -0.60116 -0.131422 0.000605697
264 -0.578367 -0.136497 0.077774
265 -0.297016 -0.179162 0.000925
266 -0.304838 -0.252335 0.00116175
267 -0.317604 -0.175514 -0.0696276
268 -0.439456 -0.157004 -0.151426
269 -0.452136 -0.24008 -0.150898
270 -0.519629 -0.146861 -0.134717
271 -0.587206 -0.226439 -0.0778581
272 -0.578855 -0.135379 -0.0773832
273 -0.611319 -0.227013 -0.000414532
274 -0.598626 -0.316997 0.0795587
275 -0.588516 -0.225457 0.0787577
276 -0.53815 -0.317471 0.135316
277 -0.529819 -0.229189 0.134967
278 -0.460996 -0.322331 0.153277
279 -0.449675 -0.238722 0.149755
280 -0.376829 -0.247509 0.127837
281 -0.324847 -0.253435 0.073028
282 -0.324224 -0.254869 -0.0706038
283 -0.462417 -0.323107 -0.152169
284 -0.377082 -0.248487 -0.127785
285 -0.541244 -0.32098 -0.133776
286 -0.528658 -0.232811 -0.132375
287 -0.621262 -0.31696 0.000704638
288 -0.384095 -0.325639 0.12713
289 -0.333689 -0.325403 0.0737938
290 -0.314841 -0.325073 0.00098064
291 -0.336507 -0.401047 -0.0717502
292 -0.333206 -0.327555 -0.072687
293 -0.387027 -0.323714 -0.127145
294 -0.390488 -0.402262 -0.129127
295 -0.598939 -0.318222 -0.0771705
296 -0.60318 -0.410421 -0.0782771
297 -0.603706 -0.500499 0.080315
298 -0.602616 -0.408948 0.0812401
299 -0.544507 -0.495803 0.136299
300 -0.542592 -0.407206 0.135547
301 -0.46554 -0.489221 0.153824
302 -0.464584 -0.405667 0.152609
303 -0.389012 -0.405053 0.128816
304 -0.38855 -0.482409 0.128528
305 -0.33797 -0.403899 0.0698292
306 -0.319817 -0.399592 -0.000849164
307 -0.314122 -0.475897 -0.00218172
308 -0.389699 -0.480768 -0.127578
309 -0.466509 -0.406111 -0.15123
310 -0.546573 -0.496681 -0.134553
311 -0.544718 -0.407326 -0.134033
312 -0.62611 -0.502937 0.00165403
313 -0.626466 -0.410747 0.00132124
314 -0.460135 -0.573453 0.153392
315 -0.327482 -0.551086 0.0747016
316 -0.333568 -0.477868 0.0715536
317 -0.307459 -0.545312 -0.000124871
318 -0.328496 -0.551204 -0.0756595
319 -0.335799 -0.479332 -0.0736275
320 -0.384163 -0.561319 -0.13138
321 -0.466809 -0.489351 -0.152653
322 -0.538894 -0.58574 -0.131884
323 -0.605455 -0.501061 -0.0773834
324 -0.619061 -0.602937 0.000947994
325 -0.600867 -0.702008 0.000632328
326 -0.597341 -0.59857 0.0789168
327 -0.538023 -0.586697 0.133791
328 -0.383037 -0.560091 0.129921
329 -0.29636 -0.61342 -0.00148923
330 -0.370855 -0.636337 -0.132222
331 -0.446876 -0.657663 -0.15313
332 -0.461133 -0.572832 -0.152525
333 -0.580314 -0.695707 -0.0766163
334 -0.597323 -0.596638 -0.0762927
335 -0.551372 -0.793512 0.0782695
336 -0.579536 -0.696174 0.0778377
337 -0.522915 -0.680054 0.133844
338 -0.445664 -0.657708 0.153448
339 -0.422369 -0.740056 0.153802
340 -0.369864 -0.635739 0.131177
341 -0.314411 -0.619339 0.0744978
342 -0.296298 -0.688202 -0.0762648
343 -0.316518 -0.621236 -0.075888
344 -0.350679 -0.710531 -0.132639
345 -0.52392 -0.67946 -0.132898
346 -0.509143 -0.888547 0.077551
347 -0.496454 -0.770541 0.134094
348 -0.349434 -0.70958 0.132364
349 -0.270873 -0.749598 0.0763893
350 -0.296559 -0.686745 0.0756834
351 -0.252822 -0.739859 -0.000583603
352 -0.277298 -0.678814 -0.000663862
353 -0.27117 -0.751019 -0.077464
354 -0.424083 -0.741005 -0.152767
355 -0.391309 -0.820561 -0.153683
356 -0.459484 -0.860596 -0.132532
357 -0.497673 -0.771462 -0.132491
358 -0.552103 -0.793667 -0.0763329
359 -0.509422 -0.888978 -0.0754844
360 -0.527999 -0.899151 0.000969186
361 -0.5716 -0.802442 0.000827469
362 -0.471253 -0.990901 0.00112311
363 -0.454089 -0.977402 0.0773977
364 -0.458928 -0.859707 0.134281
365 -0.389686 -0.819553 0.154553
366 -0.320566 -0.77922 0.13305
367 -0.283785 -0.84321 0.134395
368 -0.237898 -0.806165 0.077692
369 -0.220877 -0.793272 -0.000634115
370 -0.322016 -0.78088 -0.133729
371 -0.454333 -0.97818 -0.0753402
372 -0.408633 -0.941748 0.13385
373 -0.34625 -0.89299 0.154581
374 -0.29212 -0.959553 0.155618
375 -0.239308 -0.900904 0.134766
376 -0.199559 -0.856873 0.0779224
377 -0.200115 -0.8576 -0.0787669
378 -0.238471 -0.807148 -0.0786289
379 -0.284818 -0.844686 -0.13475
380 -0.347284 -0.894354 -0.154104
381 -0.346835 -1.01807 -0.1309
382 -0.409335 -0.943064 -0.132472
383 -0.382436 -1.05856 -0.0743253
384 -0.397544 -1.07237 0.000995295
385 -0.382502 -1.05783 0.0762262
386 -0.346317 -1.01683 0.132367
387 -0.14313 -0.876455 -0.000364092
388 -0.183725 -0.839711 -0.000633025
389 -0.240063 -0.901998 -0.135023
390 -0.22963 -1.0153 -0.154394
391 -0.293081 -0.960741 -0.155128
392 -0.270613 -1.07945 -0.131913
393 -0.311717 -1.14168 0.000723649
394 -0.205235 -1.17411 0.0744107
395 -0.29977 -1.1252 0.0770039
396 -0.270264 -1.07834 0.133323
397 -0.228636 -1.01429 0.154976
398 -0.155859 -1.05417 0.15626
399 -0.186538 -0.946778 0.135973
400 -0.126152 -0.981859 0.137948
401 -0.104073 -0.928018 0.0801421
402 -0.155679 -0.896875 0.0805834
403 -0.156048 -0.897715 -0.0809742
404 -0.104317 -0.92881 -0.0805648
405 -0.126346 -0.983211 -0.137738
406 -0.187111 -0.947966 -0.135964
407 -0.156873 -1.05458 -0.155612
408 -0.186026 -1.12558 -0.131497
409 -0.204939 -1.17589 -0.0735611
410 -0.212741 -1.19259 0.000525392
411 -0.299323 -1.12615 -0.0754821
412 -0.104457 -1.20789 0.0781062
413 -0.185193 -1.12485 0.132264
414 -0.0628647 -1.00135 0.137918
415 -0.0995417 -0.907329 -1.95702e-05
416 -0.0521845 -0.942835 -0.0834931
417 -0.079033 -1.08257 -0.154011
418 -0.10519 -1.20863 -0.0761477
419 -0.107899 -1.22611 0.00094181
420 0.0022953 -1.1639 0.131636
421 -0.093795 -1.15402 0.134425
422 -0.0787539 -1.07974 0.155471
423 0.00278767 -1.0869 0.15477
424 -0.0509869 -0.942556 0.0805482
425 -0.049353 -0.919651 -0.00169715
426 -0.0631814 -1.00263 -0.137631
427 -0.0939607 -1.15486 -0.13223
428 0.111976 -1.22724 0.000633608
429 0.0013535 -1.23582 0.000837401
430 -0.000321112 -1.21668 0.0750982
431 0.0840847 -1.08168 0.154978
432 0.0576008 -0.943271 0.0794859
433 0.002178 -1.01015 0.136897
434 0.00334812 -0.950449 0.0792477
435 0.0532908 -0.923581 -0.00304156
436 0.00179499 -0.931407 -0.00228826
437 0.0598895 -0.94787 -0.0808852
438 0.00183809 -0.952087 -0.0818265
439 0.00213722 -1.01089 -0.137493
440 0.0964541 -1.15655 -0.133054
441 0.00185099 -1.08883 -0.155605
442 0.00142576 -1.1658 -0.13126
443 0.00116199 -1.21645 -0.07358
444 0.210416 -1.17586 0.0736641
445 0.107134 -1.20811 0.0757264
446 0.0978431 -1.15461 0.131942
447 0.161254 -1.05678 0.155598
448 0.0687743 -1.00414 0.135526
449 0.101351 -0.906783 -0.000248489
450 0.0707662 -1.00607 -0.137843
451 0.0821722 -1.0832 -0.155963
452 0.108681 -1.20894 -0.0752164
453 0.218309 -1.19426 -0.000158754
454 0.19169 -1.12809 0.130744
455 0.276316 -1.08062 0.132097
456 0.131177 -0.982434 0.136494
457 0.191613 -0.950421 0.136154
458 0.110079 -0.927524 0.0805207
459 0.160056 -0.896254 -0.0807762
460 0.112811 -0.927021 -0.0811809
461 0.132597 -0.983043 -0.137962
462 0.232444 -1.01467 -0.155243
463 0.160746 -1.05876 -0.156115
464 0.190055 -1.12771 -0.13134
465 0.210508 -1.17638 -0.0737995
466 0.306273 -1.12671 -0.0766331
467 0.318968 -1.14347 -0.000839815
468 0.307749 -1.12691 0.0751018
469 0.351272 -1.01863 0.130804
470 0.298132 -0.961632 0.15364
471 0.233983 -1.01667 0.154558
472 0.244782 -0.902984 0.136923
473 0.190314 -0.841762 1.27789e-05
474 0.161316 -0.898081 0.0792869
475 0.14917 -0.878666 0.00027409
476 0.204376 -0.858686 -0.0793441
477 0.191047 -0.949379 -0.137192
478 0.243904 -0.902037 -0.135841
479 0.274188 -1.07989 -0.133154
480 0.403808 -1.07361 -0.00157674
481 0.390224 -1.05884 0.0740712
482 0.353085 -0.896776 0.153928
483 0.205088 -0.859603 0.0797508
484 0.227678 -0.79559 0.000520763
485 0.28916 -0.845661 -0.135148
486 0.296252 -0.960376 -0.155784
487 0.351284 -0.895536 -0.155852
488 0.349063 -1.01783 -0.132909
489 0.460172 -0.979309 -0.0785632
490 0.388841 -1.05836 -0.0769636
491 0.461368 -0.979888 0.074895
492 0.46557 -0.861795 0.131541
493 0.415753 -0.945201 0.131753
494 0.32742 -0.782586 0.134095
495 0.290276 -0.847091 0.134956
496 0.276702 -0.752188 0.0785205
497 0.244745 -0.809885 0.078523
498 0.257618 -0.740558 0.000663715
499 0.244407 -0.808899 -0.0776185
500 0.326146 -0.781076 -0.134343
501 0.3949 -0.820893 -0.154689
502 0.463713 -0.860391 -0.134382
503 0.413804 -0.94426 -0.134585
504 0.534116 -0.899598 -0.00209193
505 0.478025 -0.991885 -0.00202618
506 0.515891 -0.889774 0.0747714
507 0.503025 -0.772189 0.131454
508 0.396613 -0.822595 0.153169
509 0.428776 -0.742661 0.152587
510 0.355274 -0.712154 0.132572
511 0.282135 -0.680376 0.000890211
512 0.275892 -0.751173 -0.0779414
513 0.514752 -0.889024 -0.0786211
514 0.577353 -0.800322 -0.00203052
515 0.606063 -0.699498 -0.00210174
516 0.557473 -0.793138 0.0749377
517 0.374258 -0.637146 0.132015
518 0.318898 -0.622089 0.076197
519 0.301691 -0.689351 0.077177
520 0.298702 -0.616221 0.000561104
521 0.300559 -0.688885 -0.0759233
522 0.318626 -0.621334 -0.0747622
523 0.373127 -0.635472 -0.130368
524 0.449437 -0.657749 -0.153522
525 0.35411 -0.710591 -0.132787
526 0.42742 -0.740789 -0.154254
527 0.527324 -0.677951 -0.135081
528 0.501588 -0.770642 -0.134251
529 0.556425 -0.792362 -0.0786817
530 0.543299 -0.586702 0.133396
531 0.585601 -0.694386 0.0755218
532 0.528826 -0.67943 0.132433
533 0.4505 -0.659736 0.152773
534 0.330584 -0.551214 0.074307
535 0.311132 -0.548086 0.000723257
536 0.384529 -0.558782 -0.130769
537 0.541513 -0.584693 -0.134079
538 0.585034 -0.695061 -0.0793497
539 0.62248 -0.599856 -0.0011252
540 0.601604 -0.596052 0.0773526
541 0.607177 -0.498319 0.0766357
542 0.548114 -0.493874 0.13285
543 0.463008 -0.574477 0.152556
544 0.390777 -0.483913 0.12966
545 0.386692 -0.560811 0.131046
546 0.335179 -0.478462 0.0749431
547 0.315638 -0.47656 0.000690893
548 0.335401 -0.478142 -0.0736244
549 0.329721 -0.548908 -0.0736528
550 0.461758 -0.572532 -0.152858
551 0.54689 -0.491259 -0.133438
552 0.600153 -0.594097 -0.0792719
553 0.627611 -0.402934 -0.000189808
554 0.468825 -0.490424 0.151733
555 0.465631 -0.406267 0.152439
556 0.335847 -0.406089 0.0732031
557 0.318455 -0.403405 0.00106511
558 0.334042 -0.405129 -0.0710788
559 0.391373 -0.483154 -0.129315
560 0.4684 -0.487847 -0.152015
561 0.606476 -0.497567 -0.077624
562 0.606479 -0.402598 -0.078327
563 0.628475 -0.500932 -0.000333488
564 0.595208 -0.312995 0.0799152
565 0.607467 -0.404175 0.0787552
566 0.536663 -0.318674 0.136511
567 0.548758 -0.406272 0.135661
568 0.457761 -0.322967 0.153286
569 0.389069 -0.405924 0.128586
570 0.385798 -0.325897 0.128597
571 0.386082 -0.32419 -0.125618
572 0.38985 -0.403645 -0.126025
573 0.466171 -0.404474 -0.15135
574 0.535279 -0.315581 -0.133771
575 0.547284 -0.403788 -0.133916
576 0.617651 -0.311547 0.000203552
577 -0.299546 0.442322 -0.00121478
578 0.387662 -0.826762 -0.00109431
579 0.0300811 -1.10995 -0.0133856
580 -0.4491 0.0922741 0.00828494
581 -0.462498 -0.288964 -0.0129127
582 -0.465015 -0.632921 -0.00313129
583 0.0383742 0.581822 -0.00944921
584 0.141957 -1.05922 -0.087385
585 0.514694 -0.374626 -0.00203797
586 -0.362529 -0.0184051 -0.059129
587 -0.36371 0.235138 0.0108316
588 0.451988 -0.686067 -0.0170357
589 0.415263 0.0844454 0.0114761
590 0.269037 0.384604 0.00794406
591 0.483211 -0.54701 0.00540071
592 -0.433759 -0.523662 0.0763751
593 -0.458988 -0.361904 -0.078386
594 0.1946 -1.08545 0.0275258
595 0.479058 -0.223123 -0.00968872
596 0.31635 -0.973014 0.00497659
597 0.287141 0.113681 -0.00193984
598 -0.422364 -0.810687 -0.00592531
599 0.405089 -0.0416478 0.0928731
600 -0.329599 -0.980559 -0.000254667
601 -0.430366 -0.164622 -0.0597939
602 0.407533 -0.309713 0.0695897
603 -0.39818 0.137151 -0.0736053
604 0.157889 0.503388 -0.0147236
605 -0.042053 -1.04661 0.0686349
606 -0.29589 0.271946 -0.0736337
607 0.232775 0.251822 -0.0257668
608 -0.399561 -0.010584 0.0786061
609 -0.178376 -1.056 0.00870071
610 -0.0995354 0.593042 -0.00464712
611 -0.531474 -0.446519 0.0162989
612 0.0919458 -0.983175 0.0399638
613 0.206701 -0.920196 -0.0283178
614 -0.344571 -0.125619 0.0252031
615 -0.215666 -0.912668 0.00265728
616 0.330711 -0.0422777 -0.0367351
617 -0.344437 0.146531 0.0783111
618 0.330759 0.225168 0.0892404
619 0.36728 -0.591003 0.0228066
620 -0.0390894 0.475078 0.0151487
621 -0.0821526 -1.04754 -0.0720676
622 -0.409456 -0.366122 0.06274
623 0.466182 -0.438738 -0.0800151
624 -0.372216 -0.441569 -0.0238548
625 -0.434199 -0.725894 0.0813916
626 0.477349 -0.0684889 -0.0278594
627 0.364436 -0.163337 0.0356226
628 -0.328713 -0.835835 -0.0781126
629 0.471887 -0.4317 0.0774774
630 -0.273674 0.314951 0.0714305
631 0.398007 -0.300601 -0.0673131
632 -0.367247 -0.674479 -0.0540147
633 -0.288723 0.0982616 -0.0204785
634 -0.333514 -0.840591 0.0765115
635 -0.158647 0.46599 -0.0735381
636 0.38418 0.254185 -0.0565934
637 0.372956 -0.421469 -0.00183109
638 -0.444637 -0.217842 0.0763326
639 0.0861644 0.485 0.0857205
640 -0.165003 0.453531 0.0691674
641 -0.496989 -0.0548963 -0.01616
642 -0.19268 0.344406 -0.0385578
643 -0.460572 -0.115091 0.0779784
644 -0.450142 -0.522704 -0.0800269
